3	161	260	664
3	67	341	844
3	251	564	1883
3	25	799	1652
3	305	889	970
3	209	1033	1218
3	760	1067	1978
3	148	860	1812
3	382	1445	1630
3	283	1506	1912
3	521	792	1271
3	138	1415	1714
3	632	1171	1739
3	1038	1075	1587
3	349	1127	1511
3	914	1215	1855
3	373	1444	1640
3	369	997	1876
3	223	408	1870
3	466	604	907
3	14	50	1522
3	108	522	1079
3	525	1188	1288
3	25	394	1399
3	304	546	710
3	427	978	1451
3	1101	1466	1709
3	486	916	1947
3	43	170	1542
3	370	545	785
3	84	989	1004
3	224	635	715
3	579	793	1234
3	296	1072	1856
3	1226	1386	1588
3	165	1499	1567
3	711	1001	1670
3	152	1072	1759
3	884	1550	1907
3	412	1344	1585
3	1225	1388	1873
3	1114	1491	1887
3	46	1269	1346
3	241	871	900
3	625	1453	1959
3	861	1403	1590
3	148	1107	1224
3	208	1213	1553
3	282	762	1833
3	1006	1223	1690
3	194	322	1746
3	583	862	1566
3	1072	1248	1413
3	396	524	1452
3	810	1325	1548
3	459	601	1533
3	275	1515	1831
3	761	1343	1493
3	336	389	1351
3	173	487	1743
3	858	1067	1404
3	159	440	1244
3	144	339	1723
3	698	1219	1450
3	363	768	1782
3	372	812	1466
3	91	1209	1514
3	733	992	1307
3	526	813	1257
3	1	447	1084
3	1279	1437	1578
3	101	1016	1760
3	357	955	1592
3	295	1292	1436
3	308	837	1809
3	52	676	1552
3	390	805	1984
3	371	1280	1429
3	172	214	1368
3	23	64	270
3	238	817	1434
3	88	711	1240
3	102	187	1112
3	758	898	1547
3	190	660	1110
3	931	1304	1373
3	169	439	897
3	620	1201	1469
3	28	265	1048
3	883	1812	1968
3	1430	1517	1600
3	455	745	1567
3	302	384	419
3	1005	1035	1815
3	196	199	681
3	324	539	1391
3	662	877	1051
3	631	801	947
3	150	757	1135
3	423	1162	1364
3	200	1459	1521
3	469	502	978
3	713	1030	1055
3	720	778	1416
3	947	1361	1898
3	5	50	638
3	440	985	1020
3	1093	1100	1143
3	572	1367	1672
3	705	915	1318
3	653	1132	1371
3	422	608	1807
3	281	728	1172
3	1078	1482	1657
3	254	648	1705
3	268	806	824
3	265	1063	1961
3	151	199	901
3	914	1506	1905
3	236	821	967
3	990	1637	1829
3	121	627	913
3	1278	1521	1896
3	616	1470	1949
3	987	1163	1975
3	85	1428	1949
3	913	1228	1271
3	1520	1563	1912
3	405	1671	1818
3	373	522	1493
3	453	481	1096
3	1258	1308	1633
3	126	983	1258
3	857	1168	1661
3	897	1019	1589
3	70	964	1078
3	232	355	512
3	4	111	236
3	88	1408	1694
3	652	1666	1880
3	354	434	462
3	360	679	1413
3	457	564	1733
3	873	1359	1942
3	519	883	1242
3	788	1080	1573
3	171	641	1458
3	801	1861	1914
3	317	875	1944
3	594	851	1359
3	431	1119	1386
3	1075	1320	1591
3	327	1185	1906
3	87	627	1749
3	368	502	1486
3	111	582	808
3	1184	1360	1790
3	778	845	1589
3	413	1347	1449
3	839	1482	1568
3	86	1659	1784
3	710	1327	1640
3	400	991	1375
3	244	473	738
3	600	991	1004
3	1101	1121	1924
3	1084	1476	1712
3	585	622	720
3	238	588	1816
3	445	564	1776
3	258	1013	1087
3	158	590	713
3	1518	1567	1671
3	60	859	1473
3	634	752	1206
3	289	1480	1846
3	1243	1665	1675
3	861	989	1338
3	549	585	1351
3	453	1456	1845
3	748	786	804
3	540	1031	1489
3	14	523	1197
3	293	1166	1798
3	70	742	1524
3	873	1758	1826
3	195	1176	1958
3	232	1082	1334
3	203	1108	1877
3	573	1104	1583
3	84	636	738
3	802	963	1492
3	432	757	1249
3	640	701	1028
3	640	1128	1294
3	228	706	1334
3	875	1786	1801
3	286	549	956
3	483	1600	1703
3	321	1320	1922
3	31	1004	1138
3	95	354	1457
3	238	1454	1831
3	1	132	632
3	763	842	1627
3	523	630	1741
3	100	346	507
3	197	456	1930
3	299	373	396
3	194	1080	1681
3	78	231	953
3	706	1128	1178
3	501	967	1116
3	144	606	943
3	161	429	1299
3	389	934	1004
3	543	1527	1580
3	40	310	408
3	461	946	1209
3	2	1146	1787
3	485	876	1578
3	267	714	1990
3	22	1042	1281
3	46	283	1587
3	780	791	886
3	219	996	1199
3	970	1163	1741
3	512	886	1958
3	768	857	1327
3	224	1104	1373
3	475	692	1190
3	119	314	1893
3	31	377	1480
3	298	900	1680
3	120	334	590
3	37	1013	1829
3	104	709	1820
3	606	1011	1121
3	200	1024	1477
3	362	659	1434
3	23	1192	1255
3	237	1682	1777
3	629	841	1766
3	49	374	1720
3	622	1390	1477
3	1507	1581	1686
3	1181	1529	1910
3	1065	1221	1628
3	1149	1722	1869
3	26	367	1638
3	616	1204	1577
3	359	610	1272
3	527	1481	1517
3	55	468	542
3	669	1150	1425
3	286	1103	1256
3	375	1185	1423
3	450	950	1510
3	539	1093	1994
3	351	858	1017
3	318	975	1817
3	1155	1262	1354
3	927	948	1304
3	949	1338	1378
3	626	1666	1881
3	108	277	1669
3	143	644	771
3	309	605	1799
3	585	833	918
3	553	1392	1605
3	193	1783	1877
3	1305	1356	1793
3	104	369	688
3	389	609	663
3	304	1051	1188
3	6	61	903
3	1702	1763	1788
3	25	983	1663
3	189	841	1446
3	196	653	1776
3	1	1041	1049
3	970	1346	1658
3	363	473	1207
3	893	1372	1403
3	1115	1177	1891
3	1126	1544	1620
3	773	967	1825
3	435	1020	1067
3	563	1229	1886
3	645	1175	1996
3	911	1052	1941
3	398	701	1473
3	5	574	1289
3	212	474	1421
3	190	808	942
3	390	604	1210
3	1948	1964	1987
3	753	1097	1281
3	142	161	1750
3	13	697	845
3	243	1339	1355
3	1177	1490	1963
3	733	1005	1105
3	976	1665	1693
3	583	1027	1432
3	114	1328	1471
3	1177	1927	1946
3	152	664	1066
3	80	595	1528
3	294	1200	1210
3	789	1823	1994
3	292	509	677
3	767	1012	1864
3	769	898	1175
3	578	1134	1775
3	267	436	737
3	1326	1969	1979
3	131	166	981
3	67	1082	1270
3	110	1317	1631
3	666	1547	1997
3	343	509	1356
3	270	991	1723
3	160	375	600
3	517	602	712
3	605	1231	1241
3	20	836	1141
3	130	459	556
3	469	754	1950
3	398	1769	1780
3	153	463	997
3	699	1019	1873
3	1239	1605	1676
3	195	1662	1748
3	1018	1449	1533
3	145	696	1635
3	592	597	668
3	550	1253	1340
3	693	1045	1954
3	790	1216	1234
3	391	1104	1313
3	1189	1369	1893
3	90	137	428
3	32	336	1008
3	857	934	1149
3	437	515	1520
3	310	777	1971
3	192	319	462
3	1289	1712	1988
3	1452	1587	1843
3	443	1025	1585
3	330	712	1407
3	1035	1176	1932
3	351	571	1252
3	63	140	1755
3	1056	1248	1634
3	477	1515	1649
3	946	1390	1523
3	378	418	1450
3	19	1158	1711
3	126	451	1380
3	497	1522	1637
3	191	874	1516
3	489	491	561
3	284	516	779
3	683	1347	1500
3	448	952	1130
3	1599	1604	1909
3	611	1261	1285
3	14	934	1267
3	8	1808	1985
3	82	608	871
3	996	1108	1522
3	160	1449	1853
3	200	500	591
3	130	817	1005
3	586	804	1169
3	46	209	1799
3	449	521	863
3	564	1220	1442
3	290	908	1511
3	347	938	1424
3	128	638	974
3	455	1114	1174
3	393	451	698
3	603	660	1300
3	735	777	1936
3	215	1954	1971
3	526	1440	1866
3	182	1390	1903
3	260	1455	1738
3	505	878	1995
3	351	887	1984
3	673	803	1660
3	1097	1174	1482
3	537	1299	1969
3	627	1275	1972
3	690	697	1180
3	624	1290	1806
3	1057	1165	1317
3	268	307	1357
3	518	1145	1401
3	310	1319	1504
3	1091	1647	1805
3	648	816	1604
3	115	981	1852
3	116	174	438
3	5	155	1833
3	501	1161	1359
3	1171	1333	1411
3	1028	1604	1801
3	627	1163	1514
3	1172	1174	1491
3	234	972	1504
3	31	667	1727
3	1156	1310	1794
3	297	1012	1601
3	554	566	1723
3	358	647	1310
3	575	1233	1559
3	735	737	1572
3	1032	1218	1234
3	481	820	1747
3	983	1083	1696
3	880	1496	1928
3	90	1103	1497
3	765	1623	1694
3	598	745	1223
3	221	1038	1456
3	754	781	1073
3	370	1911	1959
3	291	1265	1673
3	635	1046	1921
3	205	1725	1972
3	827	1754	1851
3	96	846	1793
3	842	1597	1704
3	995	1253	1744
3	1103	1267	1967
3	557	794	850
3	759	1088	1470
3	646	817	1945
3	677	1994	1998
3	864	1416	1753
3	69	663	1445
3	123	551	625
3	320	1368	1755
3	144	212	1388
3	386	891	1518
3	700	1546	1725
3	249	1291	1713
3	647	1613	1926
3	31	1646	1735
3	538	920	1277
3	19	1126	1774
3	35	1078	1302
3	107	581	1526
3	175	220	850
3	1048	1231	1377
3	451	719	1335
3	64	554	1122
3	776	1264	1786
3	287	742	1614
3	332	1441	1957
3	1201	1454	1842
3	1450	1572	1631
3	350	629	1419
3	170	485	1595
3	236	745	1692
3	99	224	1975
3	592	1391	1404
3	408	968	1383
3	229	1410	1441
3	115	1513	1555
3	222	647	1484
3	393	855	1689
3	438	1014	1702
3	428	805	1982
3	57	1333	1705
3	555	1107	1217
3	119	884	940
3	157	1596	1668
3	168	344	1132
3	576	1295	1938
3	126	637	1198
3	624	860	1173
3	632	702	901
3	892	1016	1633
3	1411	1644	1741
3	58	813	1198
3	0	114	369
3	74	1288	1914
3	243	1041	1580
3	1116	1609	1850
3	899	1693	1758
3	989	1457	1795
3	973	1099	1689
3	797	895	998
3	1123	1395	1661
3	1818	1858	1881
3	818	1184	1455
3	556	650	967
3	216	946	1332
3	463	832	1211
3	613	664	1319
3	298	602	657
3	148	921	1014
3	1054	1798	1953
3	574	894	1362
3	733	1572	1892
3	400	870	1882
3	674	1178	1349
3	208	541	1398
3	215	348	1343
3	534	1615	1711
3	337	1745	1763
3	248	618	786
3	595	937	1853
3	197	1109	1216
3	448	1288	1566
3	1251	1483	1872
3	121	302	1094
3	671	788	1227
3	250	890	1162
3	1194	1393	1817
3	113	1438	1999
3	1241	1599	1974
3	465	1058	1706
3	499	1030	1934
3	77	803	1339
3	114	396	1788
3	496	630	1719
3	470	709	1438
3	486	1354	1417
3	49	179	984
3	770	1119	1815
3	92	1502	1852
3	916	1167	1929
3	1553	1812	1883
3	678	814	854
3	570	979	1512
3	301	340	1475
3	327	730	1614
3	13	194	196
3	382	1176	1822
3	416	1332	1490
3	521	1474	1813
3	239	568	1127
3	140	1000	1463
3	276	1018	1708
3	1330	1437	1509
3	135	1402	1673
3	637	1578	1646
3	831	980	1856
3	69	1138	1223
3	255	1524	1822
3	54	71	1044
3	288	1467	1979
3	901	966	1809
3	369	764	1016
3	177	233	1059
3	12	262	1375
3	431	1347	1852
3	148	152	1392
3	626	1549	1842
3	139	903	1419
3	691	898	1229
3	266	621	1947
3	1077	1411	1778
3	902	925	1378
3	1002	1235	1345
3	232	441	980
3	624	1090	1584
3	1070	1476	1788
3	4	1021	1675
3	331	771	1142
3	230	397	700
3	122	419	507
3	819	1104	1975
3	125	466	925
3	828	1644	1766
3	193	1263	1683
3	181	1081	1111
3	68	138	1043
3	1294	1492	1537
3	8	796	1989
3	935	1132	1622
3	229	928	1577
3	1048	1256	1756
3	549	587	866
3	119	778	1254
3	263	269	1083
3	375	1324	1763
3	381	540	1684
3	259	434	517
3	135	623	1565
3	367	620	1093
3	1468	1595	1877
3	104	1617	1827
3	602	1279	1544
3	8	137	1145
3	1209	1660	1688
3	230	571	649
3	605	1214	1514
3	313	370	582
3	262	681	1381
3	1207	1636	1919
3	550	1195	1450
3	525	1113	1397
3	74	684	1644
3	1064	1131	1182
3	599	1214	1246
3	161	604	651
3	685	734	763
3	72	363	1852
3	216	382	585
3	494	495	1543
3	833	1192	1995
3	737	811	1872
3	637	1884	1973
3	1095	1115	1160
3	622	1529	1874
3	488	1631	1852
3	575	1155	1251
3	138	1766	1990
3	524	1134	1667
3	1231	1304	1649
3	746	1206	1845
3	358	729	945
3	445	1300	1904
3	419	801	1260
3	41	182	692
3	99	735	1434
3	487	1432	1927
3	39	312	467
3	169	520	842
3	434	1208	1581
3	462	704	1526
3	515	1074	1999
3	1014	1290	1615
3	567	1544	1615
3	587	703	776
3	713	1349	1421
3	664	815	1262
3	24	221	1056
3	633	1756	1948
3	266	716	868
3	203	1542	1830
3	570	853	1984
3	129	1702	1892
3	547	1081	1295
3	830	1319	1674
3	483	642	1853
3	641	865	1672
3	1240	1760	1872
3	91	321	641
3	349	722	1052
3	853	958	1579
3	4	68	544
3	867	1191	1460
3	1263	1435	1903
3	1205	1291	1390
3	626	1086	1431
3	477	1916	1931
3	261	504	1651
3	412	1389	1831
3	958	1499	1522
3	184	1558	1724
3	1151	1406	1873
3	770	823	1610
3	27	861	1200
3	830	847	1071
3	118	561	775
3	911	1425	1750
3	707	1112	1823
3	297	1651	1997
3	77	579	895
3	175	331	895
3	937	1769	1959
3	575	926	1747
3	129	1118	1296
3	982	1269	1708
3	157	1198	1495
3	168	769	1889
3	92	337	1344
3	1276	1485	1893
3	277	807	1261
3	198	1350	1540
3	1364	1666	1867
3	340	682	975
3	387	657	911
3	147	376	1285
3	227	266	791
3	112	864	1981
3	0	225	1357
3	319	365	991
3	472	503	964
3	652	1512	1902
3	900	1255	1973
3	2	965	1148
3	560	1413	1624
3	452	807	879
3	811	827	982
3	1218	1274	1594
3	1765	1846	1868
3	361	793	916
3	790	1112	1556
3	208	988	1154
3	510	717	1064
3	7	117	773
3	171	578	1762
3	110	206	1336
3	105	412	1714
3	74	586	1848
3	80	553	1586
3	186	936	1613
3	134	677	756
3	256	578	1646
3	381	790	1750
3	879	1440	1668
3	286	407	960
3	884	1198	1902
3	1000	1091	1093
3	93	962	1728
3	626	1037	1430
3	230	604	1836
3	605	1579	1909
3	395	698	1733
3	583	734	1979
3	575	855	1610
3	810	1488	1580
3	985	1517	1872
3	620	1610	1963
3	948	1433	1634
3	468	1133	1779
3	84	961	1111
3	1284	1525	1676
3	67	1018	1216
3	1161	1562	1672
3	236	1291	1619
3	120	1844	1854
3	822	1369	1502
3	386	731	1762
3	1360	1594	1686
3	73	1691	1909
3	136	317	1847
3	284	1330	1929
3	420	479	1627
3	119	783	1114
3	1050	1695	1722
3	685	1958	1991
3	1582	1740	1773
3	361	1079	1325
3	726	920	1824
3	138	273	942
3	137	570	696
3	950	951	1278
3	328	1681	1705
3	1071	1274	1298
3	23	1333	1402
3	235	553	1142
3	855	983	1201
3	981	1206	1981
3	1080	1430	1813
3	466	618	638
3	930	1154	1794
3	506	767	906
3	7	963	1451
3	10	57	1589
3	532	1410	1503
3	1144	1147	1414
3	47	870	1947
3	316	955	1810
3	55	393	695
3	699	912	1723
3	1465	1697	1844
3	911	1147	1923
3	502	825	925
3	695	1238	1437
3	19	1368	1481
3	371	461	869
3	1	83	1539
3	302	988	1968
3	148	368	1538
3	306	1134	1219
3	209	560	1418
3	548	852	1102
3	934	1778	1870
3	217	960	1250
3	337	1015	1697
3	857	1590	1665
3	318	1680	1770
3	355	684	1175
3	883	1116	1740
3	1111	1292	1511
3	336	741	1780
3	437	607	696
3	725	740	1748
3	20	522	1225
3	949	1230	1493
3	8	978	1544
3	217	1061	1360
3	402	456	1810
3	385	1009	1703
3	582	733	1769
3	109	1265	1822
3	143	1099	1252
3	553	1267	1772
3	1237	1568	1862
3	15	984	1272
3	366	965	1252
3	296	542	1387
3	274	348	919
3	388	420	1765
3	520	1624	1770
3	613	751	1697
3	544	1050	1156
3	96	1469	1943
3	297	425	607
3	33	696	1945
3	502	1363	1787
3	101	757	977
3	404	410	658
3	441	1533	1659
3	598	972	1467
3	486	1257	1724
3	83	247	1793
3	1407	1704	1729
3	834	1701	1726
3	1115	1549	1608
3	633	1033	1699
3	312	1272	1766
3	1532	1632	1698
3	1022	1252	1307
3	303	1183	1637
3	378	628	673
3	532	1221	1343
3	409	1417	1685
3	259	753	1582
3	662	773	1342
3	947	1033	1214
3	27	41	646
3	603	1436	1440
3	580	620	1736
3	303	852	1314
3	888	1253	1728
3	173	491	1850
3	275	1695	1861
3	22	430	1211
3	87	1297	1789
3	781	947	1737
3	675	1216	1987
3	62	271	1537
3	264	1479	1641
3	117	566	1983
3	1234	1439	1576
3	192	290	1426
3	533	1191	1687
3	333	1565	1916
3	132	247	1800
3	52	489	1237
3	165	451	934
3	991	1180	1583
3	657	746	1278
3	453	1395	1918
3	575	1084	1295
3	224	488	1420
3	485	493	1962
3	284	1193	1287
3	1217	1426	1834
3	439	783	1708
3	1034	1130	1291
3	869	1248	1459
3	896	1088	1747
3	368	544	840
3	162	772	1534
3	206	1526	1742
3	578	1104	1215
3	406	456	571
3	1164	1630	1669
3	548	1828	1918
3	582	949	1581
3	292	1506	1857
3	1365	1488	1587
3	577	889	922
3	351	365	1275
3	367	1225	1546
3	355	897	1821
3	618	637	961
3	221	242	1913
3	192	849	1144
3	69	1010	1326
3	509	1270	1965
3	591	1083	1197
3	27	843	1361
3	26	465	1918
3	204	593	897
3	91	304	866
3	153	317	764
3	814	1516	1529
3	1070	1558	1840
3	5	1389	1483
3	233	406	644
3	1122	1307	1487
3	186	1706	1785
3	1381	1535	1536
3	362	731	1860
3	509	535	671
3	1068	1782	1825
3	659	856	1764
3	315	1170	1744
3	826	1419	1626
3	402	1081	1470
3	482	1432	1574
3	655	996	1244
3	535	899	1505
3	242	1434	1816
3	263	466	1519
3	188	1487	1886
3	291	1049	1136
3	69	668	888
3	1049	1233	1610
3	1190	1270	1946
3	75	167	726
3	49	551	828
3	165	1051	1655
3	17	316	1210
3	1034	1053	1900
3	673	1489	1883
3	435	917	1221
3	1198	1215	1598
3	4	732	1562
3	1440	1508	1880
3	518	1029	1414
3	652	806	993
3	75	1089	1538
3	11	832	935
3	417	487	538
3	57	1017	1020
3	447	740	1525
3	413	897	1215
3	37	1369	1674
3	1126	1236	1897
3	598	1181	1201
3	514	1200	1266
3	93	372	1412
3	1180	1785	1859
3	791	1139	1496
3	118	791	1453
3	441	1222	1815
3	590	641	1152
3	1062	1398	1881
3	854	1544	1571
3	734	1127	1256
3	0	146	781
3	849	998	1022
3	98	1143	1410
3	89	640	1510
3	535	1286	1837
3	603	1077	1127
3	253	917	1462
3	76	555	954
3	815	921	955
3	356	948	1835
3	1138	1364	1669
3	246	525	839
3	918	1099	1740
3	78	1080	1374
3	63	227	1098
3	96	613	1898
3	1380	1382	1937
3	94	1152	1486
3	30	514	1700
3	86	508	877
3	568	1485	1658
3	475	974	1370
3	598	728	936
3	665	1265	1962
3	1053	1107	1520
3	390	798	1627
3	552	692	1918
3	492	1312	1324
3	42	1379	1737
3	285	803	1829
3	248	534	1152
3	952	1878	1998
3	36	652	1848
3	61	868	1956
3	247	1551	1554
3	240	972	1913
3	159	800	1677
3	514	1040	1678
3	622	799	840
3	209	1188	1257
3	513	596	1337
3	629	1695	1811
3	668	810	1181
3	615	1003	1275
3	483	1625	1746
3	0	384	1153
3	608	1634	1659
3	793	1133	1475
3	51	356	1650
3	146	648	672
3	414	549	1858
3	383	650	1614
3	106	672	955
3	796	1244	1408
3	127	1233	1409
3	467	1247	1992
3	1227	1364	1798
3	1135	1272	1854
3	376	552	789
3	1282	1418	1425
3	341	391	775
3	727	1664	1737
3	1631	1729	1955
3	489	665	784
3	157	545	781
3	566	1222	1687
3	1450	1523	1908
3	210	677	1858
3	1087	1382	1622
3	1067	1338	1607
3	414	536	1972
3	898	986	1124
3	7	906	1723
3	83	322	563
3	164	253	374
3	86	202	1038
3	76	1006	1175
3	405	542	1089
3	702	809	1581
3	501	602	865
3	49	1822	1924
3	413	893	1065
3	764	773	1735
3	946	1334	1799
3	413	754	1091
3	706	874	1605
3	158	464	1316
3	674	1002	1555
3	945	982	1918
3	102	470	513
3	458	1141	1935
3	175	433	1620
3	495	931	1580
3	10	881	888
3	1337	1466	1608
3	462	1181	1525
3	861	1097	1684
3	1490	1557	1610
3	53	1786	1969
3	141	1035	1637
3	96	293	1770
3	1298	1351	1588
3	21	141	466
3	116	215	1530
3	92	223	293
3	666	730	1061
3	177	550	1027
3	192	854	1670
3	1096	1352	1451
3	262	529	855
3	378	1205	1754
3	170	1123	1911
3	782	942	1938
3	108	908	1753
3	479	1513	1905
3	223	909	1253
3	154	1327	1417
3	420	1561	1577
3	1075	1623	1806
3	656	1360	1548
3	497	1439	1911
3	879	880	1392
3	221	996	1469
3	87	279	1105
3	1271	1686	1742
3	836	1538	1549
3	257	711	1574
3	324	750	1095
3	63	418	1085
3	535	659	1207
3	146	1131	1920
3	1010	1200	1479
3	636	809	1980
3	735	795	1228
3	140	596	1035
3	632	1749	1999
3	445	1315	1623
3	407	1591	1887
3	194	970	1978
3	34	395	899
3	191	279	1025
3	131	283	1781
3	560	1480	1951
3	787	1542	1976
3	177	1353	1917
3	124	752	1414
3	1633	1753	1962
3	865	958	1725
3	519	1427	1642
3	1144	1491	1710
3	777	930	1568
3	84	918	1569
3	649	1119	1905
3	169	589	1295
3	9	534	1841
3	709	1106	1653
3	1229	1898	1990
3	606	1206	1934
3	422	1259	1964
3	1078	1815	1871
3	142	452	1037
3	1003	1540	1600
3	419	1754	1885
3	278	680	1751
3	18	94	1521
3	376	805	1837
3	199	432	614
3	1300	1336	1728
3	618	923	1767
3	212	966	1779
3	1284	1536	1942
3	307	1471	1642
3	493	1768	1838
3	77	1168	1396
3	1260	1414	1660
3	851	1015	1875
3	162	457	1417
3	559	896	1606
3	172	1605	1772
3	207	366	521
3	217	1194	1306
3	25	688	1609
3	216	287	1954
3	448	905	1165
3	32	1758	1940
3	859	864	1459
3	708	1155	1925
3	166	1351	1742
3	65	559	721
3	657	1878	1996
3	624	939	1615
3	988	1106	1132
3	881	1089	1757
3	225	942	1595
3	426	524	1136
3	458	799	1771
3	343	344	818
3	120	1607	1904
3	654	818	1074
3	785	879	1694
3	7	772	1639
3	3	829	1731
3	322	1484	1726
3	48	1168	1176
3	450	1011	1479
3	15	1303	1929
3	40	245	689
3	720	749	1429
3	164	651	848
3	265	952	1259
3	87	227	1952
3	641	1246	1806
3	305	1357	1586
3	212	433	844
3	44	312	343
3	536	1074	1075
3	1496	1819	1945
3	570	1219	1388
3	56	604	856
3	999	1046	1785
3	723	778	1429
3	1554	1618	1943
3	137	281	840
3	286	323	1612
3	750	1266	1489
3	133	551	1769
3	361	1076	1796
3	821	1320	1349
3	8	37	793
3	317	1647	1844
3	364	978	1459
3	724	1227	1921
3	1158	1262	1793
3	1301	1654	1896
3	31	1162	1635
3	92	597	644
3	164	527	561
3	1014	1864	1960
3	1092	1129	1862
3	214	423	682
3	601	1380	1575
3	730	848	1770
3	556	1221	1599
3	532	569	1611
3	348	1333	1805
3	36	251	833
3	89	1774	1905
3	278	1371	1921
3	152	1259	1784
3	117	1063	1117
3	727	1187	1807
3	1715	1849	1927
3	411	651	1989
3	150	558	1102
3	354	1458	1685
3	52	377	1995
3	112	694	1166
3	10	157	205
3	757	1508	1576
3	887	1683	1909
3	547	1477	1973
3	30	458	1924
3	40	381	1156
3	969	1046	1120
3	243	1269	1419
3	149	1657	1966
3	815	1129	1623
3	300	1141	1782
3	296	596	1154
3	533	1040	1230
3	687	1642	1999
3	682	909	1257
3	611	1535	1626
3	156	319	1217
3	1120	1416	1645
3	10	585	1561
3	93	659	1550
3	543	563	1297
3	264	282	1717
3	267	1377	1593
3	56	239	639
3	1543	1582	1970
3	282	1349	1968
3	88	1536	1624
3	494	708	1813
3	165	703	1823
3	112	359	1181
3	225	598	1312
3	387	740	862
3	272	1191	1809
3	831	1111	1941
3	932	1189	1582
3	401	1584	1970
3	449	1517	1837
3	992	1768	1874
3	428	638	1804
3	841	881	1245
3	72	462	1275
3	1032	1081	1649
3	205	464	1547
3	1086	1400	1884
3	99	188	944
3	558	571	690
3	57	390	404
3	1194	1301	1776
3	47	803	1692
3	591	1567	1655
3	371	533	1878
3	790	1311	1701
3	223	445	695
3	1210	1907	1916
3	1138	1551	1775
3	1057	1341	1642
3	455	514	556
3	1085	1363	1761
3	467	1043	1512
3	125	167	470
3	655	1584	1921
3	62	658	1792
3	421	1558	1743
3	112	402	1655
3	1085	1554	1751
3	228	1584	1842
3	33	599	799
3	839	885	1101
3	147	1257	1395
3	394	904	1892
3	499	674	1248
3	813	972	1094
3	604	1741	1794
3	222	285	315
3	9	1765	1803
3	175	537	1838
3	1479	1601	1718
3	279	1310	1949
3	924	1319	1336
3	237	1057	1842
3	1410	1780	1869
3	373	1052	1381
3	182	1933	1993
3	217	1377	1556
3	475	557	1452
3	1425	1843	1854
3	283	747	1172
3	134	866	1187
3	919	1296	1498
3	1493	1563	1865
3	559	963	1432
3	999	1360	1661
3	337	999	1893
3	761	1617	1879
3	10	172	1965
3	655	683	1806
3	536	1775	1805
3	122	352	1629
3	528	1492	1656
3	976	1641	1753
3	441	1658	1967
3	397	405	573
3	152	675	1510
3	1214	1250	1682
3	198	480	1666
3	493	905	1407
3	484	1471	1933
3	20	649	1213
3	1270	1591	1870
3	176	261	1165
3	114	935	1887
3	361	816	821
3	257	775	1673
3	478	1403	1515
3	28	569	1323
3	446	1006	1188
3	151	1595	1890
3	275	1019	1433
3	225	809	1485
3	228	353	1152
3	1607	1850	1860
3	992	1825	1959
3	358	1465	1890
3	350	722	1103
3	987	1658	1921
3	221	716	1636
3	236	459	1741
3	678	824	1083
3	336	1196	1899
3	113	916	1133
3	482	1851	1913
3	316	862	1095
3	941	1386	1616
3	463	1338	1907
3	586	823	1622
3	1186	1543	1868
3	919	1185	1797
3	522	1568	1814
3	26	96	100
3	1170	1501	1988
3	421	670	1227
3	180	391	1772
3	831	1560	1612
3	754	894	937
3	557	878	1641
3	1570	1752	1885
3	109	177	181
3	1196	1470	1641
3	1140	1557	1710
3	249	1001	1821
3	847	1754	1960
3	49	199	1696
3	915	1164	1335
3	178	1899	1983
3	957	1306	1622
3	650	804	1681
3	255	539	589
3	390	746	1995
3	1190	1378	1448
3	383	1552	1979
3	166	1285	1676
3	517	1263	1764
3	132	574	1466
3	125	787	1991
3	338	719	1661
3	76	1732	1903
3	759	1064	1614
3	1706	1865	1867
3	656	660	845
3	343	882	1594
3	21	371	1475
3	430	533	1019
3	209	1342	1561
3	16	275	1126
3	593	1368	1857
3	250	493	1049
3	254	823	1865
3	187	699	1698
3	62	1585	1687
3	37	118	1324
3	642	1555	1629
3	83	594	849
3	349	464	1762
3	50	426	1026
3	45	1753	1897
3	476	865	1500
3	18	204	288
3	567	978	1217
3	276	1366	1740
3	663	1382	1910
3	603	688	1796
3	748	1166	1321
3	255	742	1112
3	163	972	1379
3	512	1688	1846
3	338	364	1704
3	304	567	1311
3	352	450	1666
3	392	885	1155
3	1567	1845	1930
3	415	1363	1894
3	158	1161	1830
3	71	1335	1504
3	1303	1485	1830
3	335	488	1648
3	81	289	1564
3	42	892	1141
3	487	629	1954
3	508	1591	1878
3	113	829	1403
3	104	407	1526
3	839	1022	1955
3	634	697	1194
3	196	1021	1554
3	124	1585	1709
3	1746	1791	1840
3	1216	1238	1702
3	907	1494	1849
3	463	797	1266
3	22	128	442
3	352	1615	1788
3	240	577	1230
3	708	765	1502
3	482	1128	1898
3	313	1619	1915
3	220	776	1528
3	293	985	1796
3	14	749	1100
3	819	1205	1929
3	384	820	1024
3	289	323	1096
3	504	1056	1934
3	231	1214	1971
3	201	1441	1961
3	232	912	935
3	70	1531	1867
3	97	896	1007
3	40	444	721
3	210	939	1895
3	17	1519	1650
3	887	1189	1738
3	1225	1312	1353
3	1260	1280	1802
3	1250	1584	1892
3	51	273	1546
3	24	1197	1624
3	251	433	836
3	454	470	1130
3	392	787	794
3	1061	1073	1353
3	443	1186	1397
3	410	713	942
3	38	170	750
3	712	1530	1977
3	362	484	1844
3	118	131	324
3	218	381	1603
3	141	1365	1720
3	353	1238	1688
3	359	440	1127
3	259	1131	1575
3	147	199	737
3	301	1460	1968
3	776	1175	1302
3	60	1350	1857
3	496	1142	1849
3	27	867	1476
3	257	537	1452
3	994	1030	1850
3	210	866	1941
3	681	1734	1994
3	101	414	1070
3	47	65	1545
3	1092	1313	1523
3	156	320	1592
3	1403	1516	1936
3	309	711	900
3	79	1350	1630
3	135	687	1757
3	306	718	1069
3	244	1076	1161
3	576	835	1418
3	542	1143	1607
3	1535	1634	1663
3	519	614	898
3	1408	1752	1925
3	397	444	848
3	54	379	1195
3	1077	1180	1955
3	38	171	1882
3	1451	1459	1551
3	302	599	1748
3	558	1150	1473
3	203	956	1639
3	599	1208	1637
3	8	206	1859
3	415	884	990
3	524	877	1791
3	437	1040	1679
3	560	1485	1620
3	962	1736	1964
3	107	429	895
3	58	941	1371
3	700	915	1226
3	38	73	189
3	210	825	1144
3	156	250	1932
3	857	1839	1898
3	116	320	565
3	643	1651	1891
3	195	1318	1846
3	424	483	817
3	342	572	878
3	198	774	1906
3	858	1690	1889
3	282	423	1399
3	705	1119	1266
3	1109	1501	1986
3	309	403	1803
3	930	1071	1521
3	1446	1550	1712
3	798	1476	1490
3	736	806	1891
3	139	1670	1931
3	41	689	1123
3	935	1040	1986
3	48	145	1818
3	417	1197	1703
3	850	1385	1412
3	680	937	1630
3	705	1269	1744
3	534	1864	1903
3	489	1250	1589
3	616	1537	1685
3	478	804	1259
3	1039	1368	1488
3	500	510	940
3	66	324	1117
3	588	1309	1835
3	637	779	1277
3	3	757	1211
3	446	791	944
3	1040	1149	1211
3	211	1901	1912
3	614	999	1735
3	76	1813	1952
3	159	674	1980
3	963	1585	1929
3	127	220	363
3	945	1151	1596
3	1093	1180	1984
3	387	1063	1501
3	1003	1079	1383
3	160	1146	1206
3	382	541	1228
3	179	558	1445
3	293	1090	1122
3	1075	1231	1642
3	492	1038	1694
3	11	30	718
3	1074	1387	1394
3	808	1657	1837
3	863	1509	1997
3	173	256	552
3	479	1118	1583
3	1129	1509	1745
3	305	835	1584
3	329	932	1937
3	1026	1131	1212
3	326	727	775
3	33	333	1289
3	272	1985	1996
3	994	1713	1805
3	42	990	1700
3	116	382	1160
3	113	367	669
3	240	759	1576
3	472	1122	1784
3	782	1330	1950
3	198	408	528
3	255	1110	1883
3	64	889	1190
3	29	72	1877
3	292	889	1385
3	38	1564	1576
3	12	1600	1899
3	423	1684	1773
3	74	726	1411
3	102	1066	1159
3	228	1140	1962
3	145	1739	1993
3	1211	1334	1515
3	193	1042	1471
3	675	781	859
3	339	452	1416
3	622	741	1138
3	155	548	1809
3	523	736	1235
3	273	1359	1527
3	207	272	611
3	13	89	1730
3	370	1373	1835
3	610	1467	1762
3	153	459	1172
3	478	1029	1535
3	1009	1076	1442
3	300	690	1664
3	630	725	1362
3	276	1746	1932
3	1075	1738	1818
3	111	1041	1161
3	74	1439	1606
3	593	631	1556
3	497	524	1773
3	438	1599	1982
3	423	565	741
3	503	1656	1862
3	28	1577	1876
3	590	683	1466
3	1232	1708	1744
3	771	879	1013
3	211	401	759
3	290	835	921
3	88	1465	1664
3	617	858	1329
3	1184	1229	1309
3	1342	1640	1796
3	815	1831	1875
3	763	1223	1920
3	460	1645	1885
3	546	1213	1676
3	464	1608	1778
3	310	917	1479
3	458	1148	1254
3	274	866	1265
3	32	891	1832
3	200	628	1170
3	64	167	1951
3	570	1193	1313
3	183	536	1808
3	35	1108	1691
3	734	920	1731
3	440	964	1870
3	1376	1564	1729
3	118	1065	1890
3	478	1917	1928
3	1787	1848	1951
3	362	825	1575
3	645	774	1552
3	300	863	1218
3	705	1325	1967
3	287	1006	1406
3	210	340	744
3	200	936	973
3	1167	1788	1970
3	863	1424	1934
3	616	917	919
3	197	399	1586
3	436	928	1845
3	107	798	1115
3	1385	1837	1870
3	138	739	1447
3	139	851	1425
3	396	1036	1118
3	1093	1710	1789
3	53	1817	1871
3	102	594	810
3	307	1039	1428
3	1100	1202	1547
3	327	959	1394
3	239	517	1363
3	34	1078	1843
3	273	631	1976
3	181	389	1104
3	635	951	1499
3	1341	1755	1943
3	265	298	812
3	1563	1676	1911
3	474	542	766
3	1017	1125	1782
3	188	406	703
3	70	484	536
3	191	1303	1841
3	65	1475	1993
3	663	753	1199
3	266	1389	1975
3	239	668	1507
3	455	513	1384
3	244	501	1298
3	99	260	767
3	1063	1405	1600
3	910	1518	1906
3	826	1625	1799
3	39	569	1690
3	141	518	1622
3	238	313	1997
3	558	1116	1245
3	450	1481	1734
3	1459	1846	1978
3	1500	1701	1935
3	143	1485	1854
3	452	565	1928
3	102	1462	1662
3	80	363	1981
3	590	997	1276
3	807	1094	1767
3	619	965	1182
3	715	1653	1709
3	1065	1316	1762
3	928	1119	1710
3	374	1701	1773
3	270	576	1463
3	66	163	1847
3	132	595	1824
3	59	633	1549
3	777	805	1679
3	1168	1444	1668
3	263	1313	1384
3	1013	1682	1793
3	296	584	1086
3	1465	1644	1732
3	336	541	819
3	103	524	1843
3	192	318	1696
3	151	1001	1935
3	16	377	1173
3	180	1649	1956
3	645	992	1684
3	477	605	1457
3	348	1403	1721
3	345	1009	1315
3	1476	1739	1919
3	1176	1474	1703
3	70	155	1169
3	300	419	905
3	752	788	1791
3	158	888	1488
3	761	1283	1615
3	475	1296	1340
3	565	1504	1949
3	1395	1463	1761
3	587	772	1979
3	328	1724	1886
3	277	522	1487
3	48	1539	1554
3	747	756	1936
3	1397	1699	1894
3	545	1569	1920
3	352	615	719
3	518	1000	1755
3	1033	1353	1901
3	160	596	1241
3	1453	1455	1863
3	498	973	1435
3	1131	1287	1677
3	195	691	1526
3	950	1346	1384
3	743	797	892
3	536	1120	1802
3	611	1128	1356
3	571	912	1829
3	1101	1439	1917
3	127	1550	1774
3	1539	1824	1835
3	61	383	686
3	330	525	787
3	316	741	1148
3	454	975	1367
3	1163	1380	1901
3	154	285	1791
3	299	1468	1550
3	114	325	722
3	100	739	1399
3	95	1811	1983
3	66	76	1328
3	62	249	459
3	166	639	753
3	389	502	1908
3	621	1908	1973
3	450	779	886
3	272	302	1699
3	801	1169	1319
3	480	1136	1465
3	112	505	961
3	194	529	1305
3	333	1094	1614
3	679	1028	1946
3	201	579	941
3	128	1433	1781
3	465	895	1415
3	241	765	1647
3	1234	1556	1901
3	738	852	1952
3	1631	1711	1896
3	862	1060	1431
3	340	359	932
3	121	589	1267
3	145	515	894
3	281	532	1894
3	690	1053	1344
3	824	1090	1858
3	172	491	1719
3	47	60	1960
3	202	1440	1551
3	257	1327	1789
3	121	833	1233
3	506	1059	1348
3	140	910	1040
3	1117	1306	1790
3	81	735	896
3	252	1560	1598
3	295	307	601
3	139	229	740
3	715	914	1047
3	1253	1327	1757
3	904	1341	1650
3	966	1322	1518
3	873	1804	1974
3	981	989	1223
3	503	628	993
3	37	623	1499
3	301	436	1458
3	303	1431	1680
3	302	393	671
3	372	913	1291
3	193	1818	1823
3	327	1717	1950
3	397	1007	1950
3	303	1527	1600
3	193	1125	1337
3	903	1203	1409
3	388	1416	1966
3	211	836	997
3	1441	1595	1694
3	68	1396	1924
3	39	326	698
3	1054	1158	1209
3	9	143	395
3	413	796	953
3	1427	1563	1663
3	545	707	1167
3	115	1769	1887
3	231	1098	1279
3	834	1177	1871
3	21	134	1562
3	1189	1340	1771
3	755	777	943
3	65	1315	1455
3	476	1307	1527
3	201	451	1442
3	601	1111	1237
3	814	1113	1479
3	769	831	1209
3	62	654	1522
3	876	1071	1212
3	311	1022	1191
3	1178	1675	1841
3	189	1008	1851
3	579	1110	1873
3	505	556	1716
3	298	1140	1461
3	511	636	813
3	306	307	1070
3	285	588	1027
3	28	432	1071
3	702	927	1142
3	306	903	1046
3	732	1007	1482
3	1388	1426	1454
3	91	838	984
3	526	1014	1872
3	64	1603	1787
3	353	430	1716
3	252	1704	1915
3	109	842	1667
3	162	1154	1732
3	248	725	1957
3	292	1052	1895
3	3	1832	1844
3	1379	1603	1987
3	431	444	1374
3	278	1362	1445
3	357	1108	1245
3	701	798	1905
3	894	934	1492
3	231	504	1013
3	366	1415	1904
3	55	379	1777
3	220	867	1140
3	173	179	933
3	326	1110	1696
3	724	950	1446
3	843	1171	1694
3	744	1026	1562
3	987	1050	1211
3	1082	1118	1292
3	264	944	1324
3	557	1447	1637
3	633	1356	1811
3	106	167	787
3	211	741	961
3	392	606	1571
3	256	734	1942
3	220	1816	1838
3	658	1692	1960
3	292	802	1182
3	973	1739	1988
3	1106	1702	1956
3	89	1194	1458
3	401	939	1695
3	213	606	1307
3	225	1437	1574
3	368	704	1024
3	798	1663	1973
3	998	1358	1953
3	654	1861	1888
3	273	579	1779
3	117	1375	1677
3	218	457	1800
3	16	770	1530
3	1343	1764	1798
3	413	508	689
3	434	469	1295
3	560	1279	1340
3	557	1043	1542
3	1565	1654	1810
3	234	454	1121
3	700	1157	1618
3	929	1478	1715
3	511	1320	1926
3	247	838	1008
3	1222	1691	1781
3	344	1047	1613
3	532	1416	1905
3	856	1148	1339
3	78	1182	1409
3	1329	1698	1827
3	39	53	1261
3	126	699	952
3	201	1386	1474
3	556	577	733
3	12	913	1001
3	153	377	1484
3	2	46	1795
3	756	798	1374
3	868	1299	1871
3	808	1044	1927
3	694	1432	1820
3	80	732	1192
3	189	564	1344
3	816	1498	1573
3	197	720	827
3	432	1488	1726
3	1156	1204	1296
3	1021	1689	1930
3	372	1224	1592
3	183	520	1575
3	916	1121	1920
3	692	964	1436
3	137	954	1836
3	326	1108	1847
3	529	581	1288
3	410	1502	1977
3	505	1406	1940
3	613	837	1015
3	670	1193	1696
3	768	1243	1888
3	82	347	706
3	284	784	989
3	85	398	1955
3	693	1302	1541
3	115	555	765
3	736	1262	1638
3	313	358	533
3	1036	1794	1886
3	1100	1382	1974
3	928	1700	1752
3	366	662	1774
3	259	1123	1813
3	676	1306	1859
3	332	541	775
3	580	788	1655
3	154	814	1293
3	29	394	750
3	230	578	1902
3	923	1241	1932
3	1009	1236	1328
3	198	298	1012
3	984	1137	1236
3	764	1447	1969
3	74	1060	1317
3	1552	1588	1841
3	1055	1286	1710
3	786	1232	1498
3	94	176	963
3	69	269	654
3	211	695	1037
3	355	1059	1826
3	1880	1894	1983
3	494	750	1060
3	237	714	1413
3	329	822	1827
3	1777	1870	1902
3	924	1621	1861
3	360	705	1301
3	226	472	812
3	22	98	1730
3	483	1088	1993
3	622	989	1297
3	53	491	667
3	275	1374	1897
3	562	1208	1491
3	185	499	1101
3	262	1076	1321
3	234	442	1273
3	143	680	1965
3	945	1486	1689
3	474	636	894
3	1070	1546	1700
3	783	1332	1828
3	47	422	809
3	1033	1333	1503
3	488	715	834
3	93	261	461
3	476	1122	1925
3	1158	1539	1763
3	52	581	1965
3	766	855	1333
3	785	1136	1236
3	476	1205	1783
3	800	816	992
3	444	498	1849
3	144	747	1719
3	315	670	1992
3	995	1213	1438
3	184	543	1729
3	689	1393	1478
3	427	1017	1511
3	995	1345	1421
3	1163	1281	1841
3	414	1024	1347
3	986	1728	1948
3	594	1624	1669
3	820	1503	1521
3	504	1282	1754
3	140	498	1749
3	207	1386	1901
3	707	975	1952
3	13	1923	1948
3	477	643	1647
3	506	651	773
3	892	1294	1825
3	670	1452	1700
3	100	197	721
3	305	438	1525
3	380	850	1159
3	1074	1133	1624
3	429	617	704
3	1284	1464	1835
3	707	1077	1329
3	263	300	763
3	316	1472	1820
3	883	1028	1617
3	214	1057	1878
3	1596	1671	1751
3	162	803	1249
3	63	1306	1309
3	243	497	1917
3	1494	1663	1926
3	806	1404	1439
3	161	1324	1575
3	390	1719	1781
3	697	712	825
3	33	1430	1765
3	1052	1058	1142
3	661	753	1427
3	311	998	1092
3	231	406	1939
3	239	1346	1545
3	314	1311	1839
3	597	792	1889
3	150	417	1801
3	1530	1643	1742
3	979	1840	1912
3	16	136	349
3	153	338	411
3	577	887	1041
3	658	1361	1632
3	75	834	1028
3	518	623	1285
3	475	510	864
3	971	1528	1618
3	104	1240	1697
3	1377	1660	1802
3	1004	1192	1387
3	12	1346	1924
3	1043	1164	1369
3	591	1099	1280
3	333	418	933
3	181	1384	1907
3	1054	1366	1768
3	697	1189	1832
3	120	1376	1392
3	427	1384	1821
3	595	1659	1906
3	661	667	673
3	1171	1212	1667
3	1232	1840	1897
3	1047	1243	1376
3	388	673	1513
3	1095	1195	1348
3	162	530	1410
3	597	1929	1935
3	854	1025	1076
3	1232	1243	1579
3	411	544	1986
3	2	468	1933
3	193	431	1744
3	467	1468	1571
3	1026	1337	1570
3	179	588	1096
3	342	968	1131
3	881	1125	1586
3	238	1383	1692
3	436	525	843
3	784	1571	1838
3	530	784	1464
3	322	1203	1290
3	9	687	983
3	246	268	1423
3	859	1099	1660
3	376	443	564
3	1645	1704	1828
3	188	1446	1722
3	46	637	1718
3	241	1107	1456
3	463	951	1422
3	394	507	902
3	892	1255	1980
3	1406	1438	1510
3	930	1080	1836
3	608	1345	1363
3	14	1029	1332
3	394	984	1159
3	279	496	1678
3	468	952	1625
3	141	970	1185
3	311	403	619
3	478	1053	1669
3	41	1687	1819
3	993	1487	1698
3	82	584	974
3	762	851	1443
3	846	1145	1892
3	290	1562	1586
3	1278	1539	1653
3	134	685	1352
3	194	281	1849
3	480	871	1082
3	233	782	812
3	1842	1928	1950
3	469	1379	1890
3	200	1264	1882
3	111	1443	1868
3	79	1349	1446
3	676	1561	1638
3	125	271	1315
3	186	591	1597
3	562	956	1796
3	22	1798	1931
3	646	1055	1990
3	346	1302	1309
3	527	530	944
3	555	686	1854
3	723	1167	1875
3	783	1058	1677
3	1220	1380	1632
3	116	230	1207
3	132	447	872
3	418	852	1268
3	1274	1496	1977
3	237	613	1911
3	1136	1390	1873
3	86	738	1548
3	998	1595	1908
3	360	364	1672
3	160	458	1289
3	1206	1514	1827
3	982	1489	1548
3	368	1355	1678
3	27	999	1967
3	1246	1734	1773
3	314	441	1906
3	147	786	1173
3	216	1129	1521
3	95	1316	1816
3	377	1268	1774
3	915	1741	1807
3	248	523	1771
3	249	825	976
3	816	1042	1769
3	218	1011	1662
3	15	278	1117
3	288	546	866
3	266	1155	1273
3	529	908	1476
3	195	1418	1603
3	495	596	1039
3	254	723	896
3	98	644	1457
3	103	572	1443
3	83	1224	1244
3	639	1036	1235
3	1158	1181	1717
3	273	1055	1089
3	79	977	1931
3	351	893	1759
3	1111	1162	1991
3	34	814	1786
3	444	1147	1756
3	514	695	899
3	426	666	1338
3	1183	1202	1682
3	36	672	1592
3	588	1593	1978
3	904	1689	1908
3	26	1233	1568
3	38	294	955
3	492	1367	1920
3	479	1361	1825
3	92	676	780
3	31	270	628
3	256	767	1679
3	752	1180	1757
3	221	1732	1855
3	1245	1477	1497
3	184	566	1107
3	89	175	1094
3	1159	1553	1910
3	890	1462	1698
3	586	1468	1700
3	67	961	1160
3	33	847	877
3	222	535	968
3	538	792	1304
3	295	709	1947
3	444	774	1730
3	1293	1344	1558
3	131	581	822
3	191	1373	1966
3	288	1341	1877
3	822	1478	1884
3	755	971	1943
3	1208	1444	1472
3	632	701	744
3	269	491	1125
3	151	982	1960
3	368	820	1469
3	531	795	951
3	269	501	939
3	35	1023	1998
3	547	636	1644
3	1079	1559	1995
3	503	1031	1483
3	190	392	1262
3	1137	1384	1417
3	132	1570	1646
3	783	1253	1632
3	242	957	1102
3	90	678	1857
3	84	446	1896
3	624	1545	1610
3	182	395	1365
3	125	1251	1799
3	289	334	1064
3	1184	1224	1643
3	209	1264	1523
3	743	1571	1930
3	332	418	1781
3	771	1143	1396
3	691	1076	1178
3	176	230	1645
3	454	922	1504
3	294	1113	1508
3	582	710	818
3	353	1169	1808
3	778	828	1360
3	1170	1202	1371
3	869	872	1756
3	421	739	1239
3	987	1025	1772
3	54	965	1561
3	267	1182	1771
3	271	548	1389
3	326	1668	1904
3	276	759	966
3	60	1137	1834
3	117	1005	1925
3	708	723	963
3	600	1202	1566
3	183	495	1249
3	162	1374	1957
3	653	868	1936
3	933	1147	1900
3	95	967	1679
3	1034	1186	1573
3	1777	1857	1869
3	618	1277	1763
3	164	303	1041
3	51	802	1337
3	668	821	1565
3	962	971	1027
3	344	722	1911
3	532	1443	1915
3	75	754	1391
3	1035	1069	1531
3	119	809	1687
3	1091	1672	1914
3	528	1503	1817
3	959	1318	1645
3	217	369	1030
3	1083	1553	1733
3	905	1029	1792
3	325	944	1392
3	796	1569	1648
3	886	1405	1919
3	749	795	1254
3	126	1460	1815
3	1105	1529	1708
3	569	876	1143
3	376	1650	1727
3	1376	1711	1992
3	127	709	1045
3	82	1162	1552
3	73	90	1164
3	672	1349	1447
3	59	110	849
3	11	347	1790
3	497	939	1802
3	822	968	1662
3	187	683	1952
3	18	908	1276
3	815	1061	1656
3	136	1092	1555
3	674	1135	1443
3	848	1579	1628
3	1322	1447	1640
3	410	1284	1454
3	1352	1593	1946
3	364	1287	1386
3	77	291	1874
3	274	717	1343
3	386	1013	1050
3	356	837	854
3	186	410	1412
3	226	1593	1811
3	991	1057	1636
3	1241	1862	1864
3	220	841	1212
3	379	560	1835
3	1322	1512	1918
3	739	752	1937
3	207	1855	1966
3	33	517	1473
3	663	827	1068
3	66	534	1880
3	251	809	1543
3	123	573	1999
3	208	1049	1879
3	1423	1495	1783
3	426	1030	1557
3	540	1023	1812
3	362	436	682
3	632	1088	1768
3	318	589	1026
3	1377	1412	1715
3	445	1863	1940
3	219	1478	1559
3	530	634	1509
3	976	1260	1939
3	167	1003	1505
3	846	1315	1803
3	164	694	1247
3	508	1760	1792
3	966	1070	1939
3	943	1399	1543
3	173	379	600
3	277	643	1914
3	621	1243	1713
3	304	774	1330
3	253	562	799
3	623	1251	1568
3	516	1282	1833
3	738	1265	1412
3	439	1424	1667
3	66	675	1042
3	0	353	1756
3	579	1868	1945
3	646	1053	1437
3	983	1277	1778
3	883	1358	1996
3	240	780	903
3	56	1611	1823
3	660	1009	1828
3	341	599	1839
3	156	448	1586
3	500	1783	1874
3	851	1631	1804
3	565	745	1807
3	291	1426	1457
3	584	1032	1781
3	352	941	1160
3	53	340	1667
3	480	758	1195
3	315	694	1919
3	120	567	1954
3	163	174	178
3	78	1790	1851
3	1097	1141	1989
3	826	1010	1195
3	208	881	1695
3	325	611	1422
3	17	1302	1566
3	196	1193	1812
3	1015	1474	1680
3	515	684	1821
3	459	1229	1629
3	178	505	1924
3	420	1726	1867
3	515	1226	1322
3	572	1288	1617
3	552	1532	1826
3	235	1330	1497
3	1095	1098	1608
3	337	1299	1524
3	576	1061	1144
3	2	645	1240
3	679	1026	1982
3	1703	1722	1950
3	278	1604	1940
3	1314	1653	1884
3	1348	1751	1888
3	142	253	1590
3	450	508	1926
3	386	677	1808
3	430	1776	1955
3	853	1314	1787
3	508	662	1576
3	183	1341	1670
3	1308	1500	1505
3	109	482	1664
3	763	930	1322
3	37	1047	1335
3	325	393	1342
3	109	913	1519
3	187	544	1734
3	203	223	699
3	531	1203	1942
3	351	1157	1916
3	592	844	1643
3	149	833	1643
3	146	782	1493
3	739	820	1900
3	242	849	1712
3	239	891	1398
3	17	1608	1652
3	219	878	1469
3	1011	1717	1895
3	1652	1795	1816
3	562	735	1832
3	105	1448	1737
3	526	557	704
3	670	956	1675
3	851	880	1800
3	30	449	1365
3	387	541	1275
3	184	619	1167
3	669	878	1611
3	23	1872	1927
3	359	914	1842
3	976	1081	1290
3	170	457	1749
3	421	1244	1876
3	234	500	606
3	234	1391	1861
3	145	539	1454
3	433	853	1455
3	202	1673	1941
3	911	1427	1483
3	168	1062	1442
3	163	1219	1616
3	290	1334	1750
3	67	962	1776
3	531	1296	1606
3	436	1317	1578
3	581	837	1031
3	136	700	802
3	449	1418	1735
3	168	1439	1456
3	1313	1339	1597
3	32	408	1706
3	615	718	1649
3	250	601	973
3	85	120	619
3	54	252	321
3	379	915	1601
3	1274	1847	1940
3	15	1069	1827
3	471	1218	1357
3	331	744	1382
3	116	166	1002
3	671	1264	1429
3	874	1372	1627
3	452	785	1808
3	1098	1269	1371
3	215	288	996
3	539	751	1315
3	169	391	698
3	709	940	1594
3	993	1633	1945
3	567	986	1809
3	1086	1491	1499
3	424	703	1435
3	315	1123	1257
3	240	1278	1850
3	139	904	1458
3	544	1072	1106
3	203	1355	1686
3	806	1677	1981
3	245	693	1702
3	453	610	1717
3	1045	1496	1897
3	743	1032	1268
3	689	1145	1354
3	504	876	1804
3	97	1420	1865
3	359	801	847
3	643	969	1993
3	1408	1444	1514
3	597	871	1109
3	448	559	965
3	332	456	805
3	759	1173	1609
3	180	551	1559
3	834	1753	1826
3	415	666	850
3	799	960	1707
3	12	1110	1747
3	36	743	1171
3	476	1287	1532
3	725	1705	1906
3	144	394	1214
3	185	1372	1685
3	593	683	1068
3	1239	1654	1925
3	146	163	279
3	235	1533	1932
3	177	1127	1401
3	453	559	1609
3	1222	1854	1879
3	906	1671	1831
3	874	1494	1607
3	21	617	1638
3	860	1863	1867
3	437	621	1647
3	649	1883	1941
3	354	1282	1869
3	142	628	1053
3	176	1179	1824
3	790	980	1621
3	384	849	1198
3	85	1293	1514
3	21	154	1693
3	758	1507	1580
3	126	1082	1896
3	654	668	1707
3	1116	1390	1400
3	481	726	1088
3	251	1308	1887
3	655	1855	1891
3	375	827	1387
3	1024	1258	1879
3	406	468	1703
3	227	364	549
3	265	381	1999
3	585	681	1219
3	271	828	1468
3	600	1362	1875
3	1062	1520	1873
3	370	1153	1248
3	24	1582	1627
3	1400	1739	1899
3	1226	1264	1630
3	177	188	1752
3	218	465	1969
3	184	1356	1420
3	159	920	1345
3	155	653	1901
3	682	957	1361
3	214	1599	1626
3	628	1804	1830
3	412	1312	1570
3	171	675	1621
3	114	233	734
3	71	691	1531
3	342	701	804
3	56	343	1752
3	191	1201	1572
3	621	665	1056
3	391	460	489
3	338	740	1801
3	478	1722	1886
3	519	566	1424
3	1068	1852	1967
3	82	1884	1908
3	719	1737	1976
3	823	1027	1579
3	56	487	1883
3	561	1097	1237
3	334	656	691
3	323	1868	1932
3	317	397	1953
3	786	959	1370
3	322	1719	1914
3	313	1389	1482
3	157	468	1475
3	572	719	890
3	380	535	762
3	550	707	1491
3	1462	1528	1947
3	562	1148	1732
3	308	717	1323
3	25	345	418
3	665	1297	1888
3	891	1135	1948
3	531	1863	1998
3	150	433	1998
3	174	552	1534
3	471	1023	1884
3	659	1366	1787
3	474	747	1523
3	49	172	274
3	956	1273	1836
3	416	1489	1761
3	789	1140	1961
3	299	967	1509
3	507	610	1858
3	226	1408	1464
3	1011	1069	1677
3	284	330	1258
3	909	1391	1430
3	586	1339	1709
3	1298	1512	1958
3	523	664	730
3	455	479	1573
3	591	1072	1926
3	280	360	702
3	683	1331	1422
3	241	503	1230
3	241	547	954
3	71	794	1783
3	6	101	649
3	118	174	1971
3	130	168	349
3	363	492	1434
3	864	1369	1518
3	493	928	1534
3	573	909	1716
3	311	316	1417
3	923	1495	1864
3	681	1106	1400
3	61	1396	1657
3	550	1037	1616
3	426	1563	1985
3	954	1821	1876
3	347	516	813
3	713	1316	1581
3	185	859	1309
3	82	441	1889
3	208	1311	1853
3	695	743	955
3	350	1283	1688
3	215	1281	1431
3	749	1866	1933
3	180	888	1292
3	608	1105	1319
3	247	1201	1686
3	1283	1369	1789
3	723	938	1012
3	366	1659	1916
3	417	1749	1967
3	314	827	1544
3	452	538	1483
3	415	1457	1843
3	1037	1797	1984
3	130	940	1027
3	301	1588	1996
3	847	1118	1326
3	243	327	1859
3	854	1608	1683
3	20	1307	1398
3	275	810	1937
3	1195	1480	1585
3	838	976	1148
3	424	1254	1590
3	262	1689	1701
3	486	513	531
3	30	696	1666
3	765	1125	1829
3	439	534	912
3	711	1228	1757
3	1107	1337	1513
3	135	518	1352
3	1137	1420	1452
3	30	358	566
3	207	497	1328
3	678	992	1187
3	246	297	1246
3	51	250	789
3	101	807	1464
3	1365	1428	1790
3	282	627	1448
3	931	995	1293
3	629	1628	1968
3	106	1526	1797
3	424	959	1713
3	122	471	980
3	15	205	962
3	187	1199	1433
3	1112	1690	1915
3	279	661	889
3	144	800	1730
3	455	691	1456
3	322	660	1991
3	639	1064	1499
3	818	1537	1987
3	404	686	1065
3	1174	1205	1461
3	950	1256	1964
3	1197	1570	1714
3	1220	1242	1843
3	422	928	1294
3	13	476	1934
3	813	1023	1463
3	1113	1321	1433
3	631	1005	1097
3	485	1370	1859
3	48	326	1184
3	1196	1454	1888
3	740	913	1745
3	516	718	1151
3	1759	1767	1997
3	299	553	1405
3	202	746	1629
3	320	1002	1330
3	454	957	1324
3	673	965	1300
3	404	568	902
3	669	945	1549
3	1203	1498	1946
3	20	1129	1938
3	222	1339	1941
3	121	434	1192
3	139	348	1328
3	222	780	1358
3	936	1025	1897
3	48	358	409
3	355	435	1421
3	346	868	1341
3	910	1414	1486
3	805	1254	1332
3	630	724	1593
3	726	1825	1989
3	899	929	1523
3	898	1242	1834
3	894	1285	1494
3	589	931	1784
3	160	475	760
3	227	1091	1551
3	617	1646	1955
3	185	283	1887
3	1134	1174	1691
3	77	81	871
3	526	1030	1992
3	915	1844	1913
3	1321	1366	1697
3	507	778	937
3	241	756	1748
3	417	570	1056
3	718	841	1605
3	423	537	716
3	554	1323	1738
3	671	982	1576
3	416	988	1235
3	1018	1474	1730
3	968	1498	1619
3	12	253	1559
3	343	730	1060
3	424	925	1099
3	354	738	1767
3	542	819	1625
3	271	346	945
3	712	906	1797
3	229	679	732
3	736	887	1833
3	153	1564	1972
3	708	1572	1583
3	751	1262	1418
3	543	931	1085
3	276	650	1538
3	227	334	1016
3	287	1183	1422
3	511	1321	1935
3	402	929	1323
3	563	1157	1199
3	149	832	1839
3	281	1814	1965
3	334	1089	1626
3	411	844	1822
3	269	373	466
3	131	516	953
3	481	829	1721
3	917	1388	1860
3	73	338	1285
3	72	953	1359
3	968	1126	1364
3	318	1204	1671
3	490	584	940
3	22	744	789
3	593	1861	1983
3	355	485	1242
3	856	939	1395
3	100	1515	1795
3	994	1724	1848
3	1184	1336	1401
3	329	457	1017
3	128	1157	1558
3	291	306	461
3	125	625	658
3	1766	1775	1789
3	605	1602	1820
3	1044	1225	1336
3	1159	1707	1736
3	404	434	811
3	1408	1685	1975
3	272	1406	1470
3	245	772	1453
3	1128	1387	1867
3	65	530	1460
3	340	1134	1519
3	1463	1529	1567
3	272	826	926
3	203	412	1294
3	218	495	1707
3	11	869	1635
3	638	1147	1212
3	55	731	954
3	410	826	958
3	333	775	1503
3	489	1412	1634
3	785	1407	1981
3	216	308	366
3	169	924	1445
3	341	1492	1592
3	365	1453	1726
3	388	614	1910
3	1289	1389	1725
3	130	949	1218
3	642	1113	1862
3	361	975	1727
3	190	584	812
3	987	1621	1986
3	458	546	911
3	428	653	1764
3	20	1239	1451
3	129	314	509
3	950	1260	1974
3	189	245	1498
3	765	1152	1743
3	312	494	1821
3	349	1087	1240
3	245	414	770
3	714	1613	1985
3	285	994	1186
3	27	779	1542
3	1286	1461	1728
3	3	156	1923
3	52	825	993
3	315	1375	1436
3	68	437	1627
3	595	1507	1846
3	528	1059	1287
3	609	754	1212
3	60	520	1590
3	656	1405	1613
3	661	830	1282
3	578	727	1470
3	0	977	1073
3	636	1016	1904
3	978	1359	1879
3	852	1145	1199
3	506	1234	1731
3	388	607	667
3	1085	1638	1651
3	72	1247	1361
3	648	660	1051
3	10	173	1230
3	500	1112	1830
3	205	1050	1433
3	331	592	1520
3	460	486	897
3	528	666	1644
3	700	1404	1977
3	1305	1365	1913
3	48	329	543
3	471	1481	1691
3	561	1219	1727
3	1036	1447	1992
3	169	319	1038
3	513	1477	1965
3	110	1252	1643
3	244	416	1378
3	171	792	979
3	1508	1530	1590
3	620	888	1118
3	723	1690	1802
3	59	398	1687
3	496	1264	1325
3	174	510	1043
3	1039	1791	1851
3	580	594	914
3	540	1091	1597
3	845	1494	1654
3	324	612	949
3	447	742	1839
3	422	789	1000
3	189	1044	1968
3	250	1288	1731
3	706	766	1880
3	191	828	1943
3	811	1245	1865
3	63	1866	1904
3	472	661	1634
3	702	806	889
3	411	1518	1959
3	44	123	565
3	609	959	1548
3	414	891	1578
3	328	1202	1591
3	571	1354	1931
3	28	213	829
3	16	629	1681
3	1109	1193	1347
3	149	213	356
3	44	1179	1396
3	56	71	1678
3	83	382	1356
3	372	1067	1441
3	552	1057	1728
3	1164	1318	1404
3	779	1391	1966
3	486	1719	1974
3	443	1516	1841
3	179	242	371
3	519	946	1461
3	697	1362	1921
3	309	424	537
3	400	1031	1896
3	974	1110	1758
3	568	728	1480
3	808	990	1540
3	768	1021	1506
3	1331	1621	1944
3	111	574	1411
3	488	1424	1429
3	9	268	402
3	257	267	1087
3	647	1279	1654
3	922	1738	1858
3	780	875	1272
3	387	1394	1724
3	614	1373	1490
3	804	1347	1721
3	977	1051	1668
3	268	401	1856
3	1008	1136	1778
3	260	1146	1942
3	748	974	1355
3	758	1370	1501
3	793	1208	1957
3	940	1143	1849
3	464	1771	1779
3	36	1381	1481
3	262	1139	1251
3	54	731	1000
3	737	1495	1594
3	1147	1467	1891
3	268	546	1612
3	102	435	1394
3	818	1467	1681
3	985	1167	1831
3	554	802	1575
3	1261	1266	1727
3	62	1271	1814
3	148	385	953
3	1044	1203	1714
3	106	333	1620
3	107	831	1135
3	98	1758	1881
3	1367	1449	1983
3	832	1943	1982
3	495	1086	1290
3	374	926	1079
3	258	305	1272
3	385	425	971
3	634	1157	1308
3	303	335	1721
3	1409	1445	1488
3	460	612	794
3	199	698	1629
3	1209	1267	1462
3	229	420	1994
3	1014	1298	1928
3	512	1090	1814
3	671	742	1961
3	113	899	1944
3	206	686	1058
3	6	1351	1382
3	219	1865	1945
3	703	1059	1764
3	32	211	1699
3	307	416	1487
3	133	715	969
3	2	294	318
3	680	1046	1513
3	494	1228	1596
3	609	1713	1845
3	1325	1583	1958
3	187	1130	1446
3	1276	1463	1642
3	403	951	1628
3	374	1736	1973
3	248	1287	1440
3	762	1280	1541
3	912	1286	1292
3	562	603	817
3	707	907	1684
3	259	598	1927
3	768	880	1331
3	428	1225	1309
3	496	748	1879
3	51	758	1718
3	853	877	1156
3	1179	1220	1902
3	895	1548	1678
3	4	404	509
3	337	523	1975
3	357	910	1084
3	78	327	1116
3	766	1515	1706
3	473	1016	1820
3	881	1124	1638
3	488	1071	1137
3	124	633	1953
3	178	352	1940
3	197	927	1822
3	788	1165	1847
3	386	872	1372
3	409	463	1054
3	616	1031	1923
3	324	696	1745
3	642	891	1063
3	1226	1688	1788
3	14	261	1761
3	288	853	1192
3	593	922	995
3	395	1809	1913
3	886	988	1394
3	600	1483	1692
3	68	134	1455
3	23	53	830
3	1834	1957	1970
3	831	923	1799
3	640	1413	1712
3	438	1220	1402
3	161	1273	1658
3	890	1186	1754
3	34	1350	1407
3	1506	1683	1915
3	437	852	856
3	95	619	1409
3	360	927	1396
3	688	932	1917
3	195	610	1155
3	1311	1609	1939
3	711	957	1185
3	6	1591	1612
3	1310	1313	1635
3	1542	1582	1602
3	376	1239	1606
3	739	1553	1617
3	131	472	1159
3	383	794	1527
3	1158	1350	1353
3	956	1596	1889
3	654	1041	1449
3	403	761	1611
3	790	1208	1934
3	678	1217	1672
3	890	943	1743
3	295	480	792
3	42	527	923
3	432	581	1620
3	773	1275	1397
3	246	344	1532
3	299	1747	1832
3	26	297	385
3	345	869	927
3	623	1247	1853
3	703	1098	1768
3	662	725	1925
3	772	981	1047
3	374	1490	1635
3	224	1812	1838
3	969	1621	1674
3	1163	1484	1780
3	426	876	1926
3	104	929	1450
3	98	839	1912
3	79	1044	1954
3	159	1023	1475
3	1310	1607	1659
3	1366	1720	1729
3	713	800	1474
3	149	182	1050
3	512	1345	1435
3	123	758	1326
3	860	882	1938
3	24	152	1573
3	1235	1350	1656
3	1227	1448	1994
3	435	473	633
3	367	1222	1236
3	328	1263	1912
3	1551	1704	1907
3	361	1370	1444
3	1105	1251	1693
3	882	914	1124
3	846	1079	1133
3	680	1224	1804
3	186	1535	1619
3	400	729	1471
3	1367	1663	1987
3	88	244	833
3	751	1598	1980
3	430	1500	1743
3	165	1280	1569
3	794	1560	1683
3	1387	1438	1923
3	168	384	1895
3	75	943	1910
3	640	722	1556
3	515	611	835
3	490	567	846
3	86	971	1859
3	108	1405	1742
3	54	875	1826
3	411	490	625
3	202	874	1001
3	319	325	977
3	615	1051	1448
3	1165	1617	1755
3	44	365	784
3	213	625	1611
3	7	1109	1231
3	321	1066	1327
3	403	687	1705
3	328	885	1458
3	506	726	1923
3	539	1267	1541
3	469	1538	1758
3	646	774	1114
3	648	1190	1414
3	841	926	1038
3	858	1268	1919
3	1496	1664	1786
3	527	1487	1688
3	39	1312	1834
3	90	590	1734
3	19	309	1530
3	133	1434	1633
3	24	35	298
3	346	935	1990
3	26	882	1164
3	50	105	797
3	350	1268	1351
3	904	929	1130
3	87	446	1239
3	228	860	1643
3	823	1157	1451
3	233	964	993
3	258	1124	1840
3	219	401	1524
3	720	1465	1613
3	525	761	1660
3	1759	1790	1957
3	97	498	667
3	514	793	1151
3	50	1404	1815
3	1087	1277	1299
3	19	1005	1236
3	952	1466	1574
3	836	923	1278
3	260	612	1166
3	1505	1623	1997
3	287	332	1686
3	24	264	1636
3	17	1183	1571
3	85	530	846
3	449	1172	1823
3	453	601	693
3	213	513	1305
3	212	1166	1232
3	55	1263	1647
3	626	823	1682
3	269	699	1988
3	783	1003	1283
3	1529	1820	1933
3	94	980	1681
3	549	1058	1370
3	228	1245	1810
3	38	236	755
3	115	612	1250
3	291	1293	1546
3	133	280	639
3	233	662	927
3	962	1144	1227
3	829	948	1888
3	1533	1727	1980
3	84	810	1944
3	948	1743	1744
3	1228	1830	1868
3	870	1652	1944
3	438	595	1881
3	308	1036	1525
3	329	1320	1357
3	16	270	874
3	656	780	1710
3	659	1119	1593
3	843	1188	1316
3	630	1817	1818
3	347	1004	1323
3	360	575	1978
3	242	1283	1875
3	572	1032	1671
3	1397	1538	1557
3	507	706	1765
3	547	1034	1298
3	398	617	1760
3	335	389	902
3	192	1435	1601
3	25	330	764
3	103	496	1467
3	342	407	1221
3	574	1250	1712
3	830	1006	1276
3	42	1791	1935
3	688	1726	1834
3	1312	1564	1783
3	747	832	1958
3	97	1894	1937
3	613	902	960
3	97	277	1108
3	280	1535	1851
3	951	1230	1367
3	294	1012	1936
3	345	916	1646
3	264	1344	1836
3	183	339	1281
3	886	1577	1840
3	1064	1095	1354
3	516	517	1018
3	235	1002	1146
3	811	1473	1930
3	164	511	1640
3	550	1300	1534
3	370	880	910
3	9	985	1675
3	163	1486	1995
3	958	1419	1543
3	17	657	1055
3	448	760	1106
3	1045	1419	1513
3	885	1170	1762
3	1277	1426	1714
3	1128	1268	1947
3	19	1249	1856
3	134	583	1203
3	988	1115	1510
3	961	1090	1516
3	267	583	1338
3	829	1816	1893
3	447	1100	1420
3	479	485	768
3	785	1270	1632
3	214	474	1042
3	538	1173	1210
3	5	1087	1555
3	387	819	1971
3	1336	1472	1979
3	71	285	821
3	98	388	870
3	286	1340	1493
3	222	1068	1625
3	938	1126	1693
3	43	681	1243
3	690	1072	1772
3	232	546	1187
3	310	471	510
3	79	924	1505
3	589	717	869
3	602	906	1752
3	81	108	1573
3	226	1297	1998
3	234	400	1492
3	245	1265	1895
3	428	503	924
3	34	1380	1678
3	117	419	1187
3	764	1125	1845
3	470	1605	1652
3	430	947	1395
3	1469	1782	1885
3	320	569	893
3	1028	1048	1252
3	429	1665	1936
3	274	930	1153
3	445	615	1314
3	435	1018	1078
3	55	110	500
3	405	972	1720
3	457	925	1661
3	380	883	1090
3	816	1293	1996
3	483	906	1235
3	893	1655	1882
3	569	1537	1648
3	185	1191	1636
3	5	1329	1578
3	471	1393	1988
3	154	1759	1860
3	642	1052	1803
3	310	409	1778
3	137	1150	1295
3	122	619	1441
3	133	725	1308
3	256	296	964
3	797	1254	1381
3	1237	1314	1922
3	277	320	1604
3	1149	1757	1962
3	103	752	1745
3	58	1115	1199
3	135	396	1033
3	289	545	1100
3	1325	1629	1696
3	1020	1400	1425
3	240	638	1482
3	522	1139	1385
3	1081	1510	1991
3	260	748	1895
3	568	1124	1196
3	180	1528	1714
3	380	997	1598
3	645	769	868
3	862	1039	1855
3	745	820	1178
3	79	1020	1751
3	811	845	1931
3	323	657	747
3	1616	1661	1876
3	354	1581	1722
3	665	727	1670
3	405	648	1484
3	171	454	755
3	41	150	416
3	52	840	1980
3	651	985	1565
3	252	1398	1623
3	6	32	1557
3	235	247	1690
3	667	1525	1657
3	323	905	986
3	400	896	1602
3	1103	1186	1583
3	248	776	1948
3	986	1068	1348
3	746	1569	1863
3	1273	1383	1508
3	43	592	1193
3	252	460	607
3	481	685	1170
3	1063	1354	1580
3	705	907	1034
3	258	609	1716
3	757	1233	1969
3	11	870	1247
3	990	1716	1793
3	158	1065	1067
3	1639	1915	1985
3	473	938	1789
3	392	644	1276
3	684	730	1751
3	321	427	1718
3	119	1183	1795
3	461	1124	1742
3	6	167	409
3	282	731	1021
3	901	1797	1989
3	484	796	1833
3	311	339	405
3	59	548	946
3	123	850	1814
3	554	1255	1740
3	329	1153	1949
3	520	984	1422
3	373	1169	1316
3	427	431	1421
3	1424	1468	1880
3	704	887	1282
3	3	540	555
3	3	1150	1477
3	398	1092	1495
3	289	650	760
3	201	1531	1805
3	446	885	1676
3	263	490	731
3	510	901	1602
3	181	385	1393
3	1073	1648	1795
3	647	932	1949
3	1008	1394	1951
3	395	1020	1431
3	384	782	1876
3	1378	1566	1863
3	103	1042	1428
3	253	1718	1874
3	1012	1258	1331
3	377	953	1992
3	357	1049	1301
3	482	1626	1632
3	756	1149	1952
3	469	1471	1966
3	1598	1838	1990
3	642	1756	1988
3	787	1755	1862
3	947	1258	1693
3	994	1318	1640
3	81	306	1549
3	73	938	1616
3	75	541	1522
3	383	1191	1427
3	447	568	627
3	18	1397	1560
3	736	1310	1974
3	332	451	1021
3	314	1920	1951
3	1133	1197	1540
3	446	1019	1801
3	439	1326	1630
3	504	1270	1511
3	107	246	1807
3	309	1261	1907
3	493	612	1134
3	166	767	834
3	842	1139	1213
3	456	830	908
3	91	1249	1903
3	155	165	1031
3	694	1101	1737
3	651	690	1649
3	1061	1472	1616
3	182	1217	1508
3	832	1401	1679
3	621	1178	1221
3	1165	1733	1881
3	202	1043	1776
3	397	724	905
3	94	1273	1784
3	845	858	1137
3	464	909	1674
3	217	406	573
3	936	1037	1914
3	1113	1346	1472
3	65	1650	1909
3	293	721	788
3	380	1606	1725
3	1179	1343	1792
3	461	942	1335
3	769	1160	1651
3	127	716	1648
3	1054	1238	1937
3	90	609	1589
3	724	1767	1900
3	381	626	1286
3	1393	1761	1866
3	836	1423	1436
3	760	1399	1566
3	128	511	1196
3	287	1761	1777
3	43	1819	1853
3	1190	1279	1773
3	317	1766	1857
3	235	465	975
3	35	472	540
3	635	878	1321
3	365	884	1415
3	631	1464	1564
3	23	1281	1536
3	649	1736	1951
3	547	1505	1662
3	490	922	1168
3	652	710	1318
3	42	305	1472
3	1240	1641	1981
3	256	1232	1550
3	61	1179	1263
3	729	1029	1348
3	1162	1320	1674
3	342	708	1400
3	280	1231	1635
3	960	1358	1427
3	43	111	1524
3	254	594	1691
3	684	1284	1721
3	1540	1746	1747
3	86	1241	1260
3	180	1960	1963
3	339	1517	1748
3	1142	1597	1602
3	185	795	1856
3	1096	1342	1953
3	375	577	743
3	92	281	1917
3	580	937	1284
3	474	882	1121
3	29	237	1708
3	97	1401	1972
3	313	346	1699
3	533	1204	1504
3	1154	1685	1699
3	844	1146	1653
3	646	712	865
3	124	229	721
3	749	867	1803
3	1066	1102	1255
3	647	1242	1956
3	421	676	1850
3	7	682	1692
3	1054	1735	1786
3	57	443	1024
3	1602	1724	1860
3	1299	1300	1460
3	106	502	1792
3	35	640	1007
3	61	519	1594
3	729	1618	1749
3	396	587	1534
3	439	558	966
3	274	860	1976
3	1094	1750	1829
3	1047	1149	1374
3	15	1011	1560
3	135	353	1306
3	715	762	1102
3	492	745	996
3	498	1196	1289
3	1	1286	1342
3	580	941	1972
3	837	839	1885
3	115	129	857
3	399	1533	1963
3	46	407	981
3	99	367	529
3	1114	1303	1429
3	145	170	1953
3	18	487	922
3	350	1048	1764
3	407	684	729
3	526	1146	1185
3	1066	1711	1893
3	258	1088	1473
3	634	1150	1963
3	1650	1805	1878
3	40	1246	1819
3	237	1150	1641
3	779	1480	1577
3	1002	1378	1886
3	644	656	1406
3	1297	1673	1991
3	615	1035	1229
3	63	1545	1801
3	736	1373	1698
3	231	861	1679
3	872	990	1226
3	331	848	1009
3	347	1117	1223
3	528	1587	1748
3	323	1139	1946
3	548	1151	1942
3	563	1410	1612
3	94	301	1029
3	592	1894	1933
3	213	1202	1545
3	494	563	661
3	215	1036	1782
3	484	1362	1598
3	201	206	1537
3	29	1383	1721
3	157	356	835
3	442	1269	1329
3	338	749	1665
3	584	1375	1978
3	837	855	1715
3	1314	1392	1603
3	1371	1639	1720
3	251	1358	1597
3	50	357	1500
3	704	1010	1559
3	270	311	1860
3	257	884	1242
3	385	1096	1792
3	537	786	1120
3	1055	1539	1956
3	531	1082	1271
3	900	1453	1711
3	249	873	1680
3	263	717	755
3	41	1207	1658
3	4	1066	1648
3	639	807	1274
3	417	986	1129
3	1059	1738	1785
3	1156	1415	1516
3	345	610	919
3	482	679	1720
3	383	1290	1885
3	742	1048	1784
3	142	499	603
3	672	1653	1959
3	301	676	771
3	607	1328	1709
3	186	331	1073
3	664	729	1718
3	108	244	1448
3	559	1372	1460
3	238	586	1010
3	756	885	1900
3	156	511	1864
3	110	979	1760
3	442	1334	1588
3	1173	1187	1639
3	645	1794	1875
3	386	1291	1669
3	687	1139	1402
3	1592	1675	1939
3	67	176	1622
3	948	1109	1383
3	45	295	750
3	44	1512	1806
3	181	207	710
3	158	1007	1353
3	727	1619	1796
3	40	204	1871
3	308	751	1376
3	625	824	1528
3	1509	1736	1768
3	1372	1385	1808
3	299	1283	1902
3	205	443	1891
3	718	1497	1810
3	219	375	1411
3	1179	1765	1811
3	1216	1531	1695
3	113	146	1348
3	470	1684	1803
3	761	907	1056
3	290	655	1847
3	766	1423	1800
3	175	893	1986
3	89	693	1547
3	379	403	800
3	995	1301	1682
3	312	614	1779
3	124	551	1588
3	105	871	1311
3	663	843	1976
3	714	795	1956
3	372	1092	1423
3	1169	1366	1674
3	462	987	1010
3	365	1541	1828
3	680	1120	1819
3	527	774	1603
3	1017	1670	1723
3	283	782	1541
3	69	1177	1379
3	543	1025	1899
3	481	808	882
3	106	574	1364
3	330	608	777
3	1604	1916	1970
3	959	1077	1599
3	432	943	1922
3	618	678	1713
3	1062	1102	1456
3	101	105	1182
3	28	107	924
3	1120	1432	1502
3	378	674	1733
3	341	425	529
3	179	1060	1074
3	29	1750	1903
3	1716	1824	1889
3	796	1015	1117
3	243	875	1132
3	58	635	1552
3	521	907	1715
3	1545	1944	1961
3	259	669	1085
3	624	748	1046
3	692	842	892
3	716	1210	1407
3	658	840	1740
3	919	1733	1964
3	1375	1398	1532
3	848	979	1826
3	1138	1171	1402
3	345	1294	1574
3	998	1172	1890
3	802	844	912
3	979	1506	1657
3	91	226	1114
3	284	973	1772
3	1188	1402	1780
3	587	687	1345
3	224	1132	1612
3	652	689	1706
3	770	1527	1986
3	147	909	1707
3	1323	1785	1938
3	926	931	1303
3	686	879	1519
3	596	1176	1869
3	551	732	933
3	188	762	1589
3	769	1130	1811
3	77	1557	1570
3	76	1280	1409
3	932	1464	1484
3	797	1034	1304
3	974	1317	1745
3	304	1436	1654
3	225	321	856
3	64	1775	1930
3	45	477	728
3	130	1301	1701
3	843	1160	1422
3	178	824	1022
3	449	602	1938
3	159	767	1668
3	128	669	686
3	105	429	1520
3	292	1249	1645
3	88	1683	1993
3	781	1003	1836
3	85	342	1579
3	1045	1077	1501
3	577	724	1547
3	218	821	1413
3	1620	1837	1910
3	553	733	1415
3	109	1045	1541
3	122	643	1680
3	278	770	1977
3	538	791	1248
3	900	1377	1961
3	440	597	835
3	45	920	1797
3	838	1073	1194
3	58	399	1892
3	261	1664	1734
3	1153	1274	1511
3	249	859	1486
3	425	861	877
3	155	501	1145
3	721	847	1481
3	1	45	1246
3	39	1813	1824
3	81	1303	1421
3	258	999	1019
3	141	295	582
3	1069	1770	1832
3	728	1519	1882
3	994	1495	1839
3	399	873	1008
3	150	319	902
3	1122	1166	1222
3	1141	1161	1536
3	1039	1335	1555
3	13	1200	1746
3	223	265	1503
3	714	1628	1665
3	921	1015	1084
3	59	957	1655
3	68	255	746
3	473	1606	1806
3	348	812	1900
3	399	1023	1259
3	744	1266	1502
3	921	1204	1435
3	1168	1814	1922
3	380	938	1426
3	335	728	901
3	58	95	512
3	498	666	1524
3	151	1022	1707
3	266	763	1062
3	412	521	969
3	908	1462	1478
3	138	1428	1882
3	803	1000	1247
3	29	57	492
3	675	1086	1305
3	408	1731	1987
3	300	344	1326
3	643	1153	1322
3	719	1089	1922
3	499	925	1340
3	59	1800	1899
3	44	1715	1890
3	18	212	737
3	702	872	1855
3	80	350	1255
3	21	124	1220
3	183	422	1084
3	378	1461	1540
3	36	1385	1977
3	112	1121	1985
3	630	960	1006
3	216	876	1237
3	616	1449	1760
3	328	335	1152
3	954	1420	1697
3	198	280	875
3	824	1381	1735
3	335	460	1261
3	484	822	1517
3	607	838	1489
3	356	1393	1800
3	378	685	828
3	364	944	958
3	800	1618	1919
3	276	415	1982
3	60	325	401
3	890	1204	1207
3	1329	1531	1971
3	688	1069	1848
3	499	1739	1964
3	399	766	1730
3	679	864	1259
3	467	1151	1982
3	232	297	903
3	136	204	1774
3	254	264	1098
3	204	672	936
3	918	1536	1909
3	129	587	863
3	685	814	1183
3	477	599	1376
3	425	1105	1358
3	254	997	1461
3	409	971	1572
3	143	391	929
3	172	1238	1819
3	670	1430	1563
3	226	1363	1871
3	87	717	1080
3	93	612	1388
3	174	792	1767
3	1060	1601	1609
3	425	561	1062
3	147	576	1431
3	178	1189	1428
3	692	732	1771
3	431	580	1175
3	415	1507	1656
3	45	720	807
3	34	1213	1304
3	1205	1256	1355
3	1497	1848	1856
3	554	977	1732
3	80	341	1619
3	334	1443	1705
3	136	151	970
3	190	795	1874
3	620	772	1989
3	665	677	1725
3	429	465	1379
3	545	1103	1939
3	206	1177	1561
3	127	491	1614
3	1442	1574	1866
3	93	641	980
3	255	1256	1962
3	78	1332	1970
3	710	1296	1596
3	371	863	1331
3	196	271	1007
3	103	214	1828
3	771	917	1729
3	339	784	1984
3	433	694	1601
3	910	933	1807
3	867	1244	1759
3	801	1123	1569
3	11	133	1775
3	330	442	1866
3	129	815	1651
3	336	941	1438
3	576	714	1779
3	402	1565	1833
3	490	1238	1554
3	420	918	1437
3	72	184	1626
3	204	870	1405
3	392	1497	1731
3	96	99	716
3	741	826	1633
3	873	904	1032
3	760	920	1001
3	1352	1444	1652
3	1478	1636	1877
3	190	635	776
3	66	701	1083
3	753	1717	1976
3	421	1399	1673
3	252	261	862
3	142	357	838
3	442	969	1271
3	573	1174	1709
3	122	1777	1780
3	393	921	1501
3	693	722	1305
3	588	880	918
3	51	1308	1667
3	154	1532	1534
3	210	296	1827
3	246	1494	1928
3	308	369	1154
3	280	294	1556
3	634	1215	1401
3	583	653	872
3	1352	1558	1869
3	1355	1442	1662
3	520	1553	1611
3	121	505	1302
3	480	865	1625
3	1224	1317	1798
3	755	1618	1656
3	176	506	1562
3	1292	1785	1810
3	43	623	1135
3	817	819	1215
3	617	1140	1560
3	47	149	362
3	73	1200	1628
3	631	1357	1587
3	100	312	1546
3	140	867	1639
3	286	650	1763
3	70	427	440
3	555	840	1963
3	123	751	1922
3	1331	1368	1802
3	456	949	1770
3	655	926	1507
3	467	1794	1817
3	933	1058	1898
