 60  0  84  169  253  336  422  502  584  668  754  838  922  1011  1093  1174  1257  1340  1421  1501  1584  1668  1751  1834  1917  2001  2084  2168  2250  2334  2417  2501  2584  2667  2750  2834  2917  3001  3084  3167  3251  3334  3417  3500  3584  3667  3751  3834  3918  4000  4084  4167  4250  4334  4417  4501  4585  4667  4752  4834  4919 
 60  1  85  170  254  337  423  503  585  669  755  839  923  1012  1094  1175  1258  1341  1422  1502  1585  1669  1752  1835  1918  2002  2085  2169  2251  2335  2418  2502  2585  2668  2751  2835  2918  3002  3085  3168  3252  3335  3418  3501  3585  3668  3752  3835  3918  4001  4085  4168  4251  4335  4418  4502  4586  4668  4753  4835  4920 
 60  2  86  171  255  338  424  504  586  670  756  840  924  1013  1095  1176  1259  1342  1423  1503  1586  1670  1753  1835  1919  2003  2086  2170  2252  2336  2419  2503  2586  2669  2752  2836  2919  3003  3086  3169  3253  3336  3419  3502  3586  3669  3753  3836  3919  4002  4086  4166  4252  4336  4419  4503  4587  4669  4754  4836  4921 
 60  3  87  172  256  339  425  456  587  671  757  841  925  1014  1096  1177  1260  1343  1424  1504  1587  1668  1754  1836  1920  2004  2087  2171  2253  2337  2419  2504  2587  2670  2753  2837  2920  3004  3087  3170  3254  3337  3420  3503  3587  3670  3754  3837  3920  4003  4085  4169  4253  4337  4420  4504  4588  4670  4755  4837  4922 
 60  4  88  173  257  340  421  505  588  672  758  836  926  995  1032  1178  1203  1344  1424  1505  1588  1671  1755  1837  1921  2005  2088  2172  2254  2338  2416  2505  2588  2671  2754  2838  2921  3005  3088  3171  3255  3338  3421  3504  3588  3671  3755  3838  3921  4004  4087  4170  4254  4338  4421  4505  4589  4671  4756  4838  4923 
 60  5  88  159  258  341  426  506  589  673  759  842  927  1015  1097  1179  1261  1345  1425  1506  1589  1672  1756  1838  1922  2006  2089  2173  2255  2339  2420  2506  2589  2672  2755  2839  2922  3006  3089  3172  3256  3337  3422  3505  3589  3672  3756  3839  3922  4005  4088  4171  4251  4339  4422  4506  4590  4672  4757  4839  4924 
 60  6  89  174  228  342  427  507  590  666  760  843  928  1016  1098  1154  1262  1346  1426  1507  1583  1673  1757  1839  1921  2007  2090  2174  2256  2340  2421  2507  2590  2673  2756  2840  2923  3007  3084  3173  3257  3339  3423  3506  3590  3673  3757  3840  3923  4006  4089  4172  4255  4340  4423  4507  4591  4673  4758  4840  4921 
 60  7  90  175  259  343  428  508  591  674  761  844  929  978  1099  1180  1263  1347  1427  1508  1587  1674  1758  1840  1918  2008  2091  2175  2257  2334  2422  2508  2591  2674  2757  2841  2922  3008  3090  3174  3258  3340  3424  3507  3591  3674  3758  3841  3924  4007  4090  4173  4256  4341  4424  4508  4592  4674  4759  4841  4925 
 60  8  91  176  260  344  429  509  592  675  762  845  930  1017  1100  1181  1261  1348  1428  1507  1587  1675  1759  1841  1923  2009  2092  2176  2258  2341  2423  2509  2592  2675  2758  2842  2924  3009  3091  3175  3259  3341  3425  3508  3592  3675  3759  3842  3925  4000  4091  4174  4257  4342  4418  4509  4593  4675  4760  4842  4926 
 60  9  86  177  261  345  391  510  593  676  763  846  931  1018  1101  1182  1264  1349  1429  1509  1590  1676  1760  1842  1924  2010  2093  2177  2259  2342  2424  2510  2593  2676  2759  2843  2925  3010  3092  3176  3260  3342  3426  3509  3593  3676  3760  3843  3926  4008  4092  4175  4258  4343  4423  4510  4594  4676  4761  4843  4927 
 60  1  92  178  262  346  430  511  594  677  764  847  932  1019  1074  1183  1265  1343  1421  1510  1591  1677  1761  1843  1925  2011  2094  2178  2260  2343  2425  2511  2594  2677  2760  2844  2926  3011  3093  3177  3261  3343  3427  3510  3594  3674  3761  3844  3927  4002  4088  4176  4259  4344  4425  4511  4595  4677  4762  4844  4927 
 60  10  93  179  263  347  431  512  595  669  765  848  933  1020  1102  1184  1266  1350  1430  1511  1592  1678  1762  1844  1926  2012  2095  2179  2261  2344  2426  2512  2595  2678  2761  2845  2927  3012  3094  3178  3262  3344  3428  3511  3588  3677  3762  3842  3928  4009  4093  4177  4260  4345  4426  4512  4591  4678  4763  4845  4928 
 60  11  94  180  264  348  432  513  594  678  766  849  934  988  1103  1185  1267  1351  1431  1512  1593  1679  1762  1845  1927  2013  2096  2180  2255  2345  2427  2513  2596  2679  2762  2846  2928  3013  3095  3179  3263  3345  3429  3512  3595  3678  3763  3845  3929  4010  4094  4178  4261  4346  4427  4513  4596  4679  4764  4846  4929 
 60  12  95  176  265  337  433  514  596  679  767  834  935  1021  1104  1186  1268  1352  1432  1513  1594  1680  1763  1846  1928  2014  2088  2181  2262  2340  2428  2514  2597  2680  2763  2847  2929  3014  3096  3180  3264  3346  3430  3513  3596  3679  3764  3845  3930  4011  4095  4179  4262  4347  4428  4514  4597  4680  4765  4847  4930 
 60  13  91  175  216  349  434  515  597  680  768  850  936  1022  1105  1187  1269  1353  1433  1514  1595  1681  1753  1847  1929  2015  2097  2182  2263  2346  2421  2515  2598  2681  2764  2848  2930  3015  3097  3181  3265  3347  3431  3514  3597  3680  3765  3844  3931  4012  4096  4180  4263  4348  4429  4515  4598  4668  4765  4848  4931 
 60  12  96  181  266  341  422  516  598  671  764  851  937  1023  1106  1188  1270  1354  1434  1515  1596  1682  1764  1848  1930  2016  2098  2180  2264  2347  2429  2516  2599  2673  2765  2849  2931  3016  3092  3181  3266  3348  3432  3515  3598  3681  3752  3846  3932  4013  4097  4181  4264  4349  4430  4516  4599  4681  4766  4849  4917 
 60  14  96  182  267  350  435  517  599  681  769  852  938  1024  1107  1189  1261  1355  1435  1516  1597  1683  1765  1849  1931  2017  2099  2166  2265  2344  2430  2517  2600  2682  2766  2850  2932  3017  3098  3182  3267  3349  3433  3516  3599  3682  3766  3834  3933  4014  4098  4182  4265  4350  4428  4517  4600  4682  4767  4850  4932 
 60  15  97  183  268  351  424  518  600  682  770  853  939  1025  1108  1190  1271  1356  1436  1506  1584  1684  1766  1850  1932  2018  2100  2183  2266  2348  2431  2518  2601  2683  2767  2837  2933  3018  3099  3173  3259  3333  3434  3511  3600  3683  3767  3847  3934  4015  4099  4183  4266  4351  4431  4518  4599  4683  4764  4851  4933 
 60  16  98  184  269  347  436  519  601  683  767  854  929  1026  1089  1191  1272  1357  1437  1517  1598  1685  1767  1851  1930  2019  2101  2184  2267  2349  2432  2519  2602  2684  2768  2851  2923  3019  3100  3176  3268  3350  3435  3517  3601  3684  3763  3848  3934  4016  4100  4184  4267  4352  4432  4519  4601  4684  4768  4848  4934 
 60  9  99  185  254  352  437  516  602  684  771  855  940  1027  1109  1192  1273  1355  1438  1518  1599  1686  1768  1852  1933  2020  2102  2185  2268  2350  2433  2520  2603  2685  2769  2837  2934  3020  3101  3183  3269  3351  3436  3518  3602  3685  3768  3849  3930  4017  4101  4185  4268  4353  4433  4511  4602  4685  4769  4839  4935 
 60  17  100  186  256  353  438  520  603  685  772  856  941  965  1110  1193  1274  1358  1439  1519  1600  1687  1769  1850  1934  2021  2103  2185  2269  2333  2434  2521  2604  2686  2770  2852  2935  3021  3102  3184  3270  3352  3437  3519  3603  3686  3769  3850  3935  4009  4102  4186  4269  4354  4434  4520  4592  4686  4770  4852  4936 
 60  18  101  187  270  354  439  521  604  686  773  857  915  1028  1111  1194  1275  1354  1440  1520  1601  1688  1770  1837  1935  2022  2104  2186  2270  2333  2435  2522  2605  2687  2771  2839  2930  3022  3095  3185  3271  3353  3438  3520  3585  3687  3770  3834  3936  4018  4103  4187  4270  4355  4435  4521  4603  4683  4771  4853  4927 
 60  19  102  188  271  355  434  522  594  676  770  858  942  1015  1079  1195  1276  1359  1441  1516  1598  1689  1771  1853  1936  2023  2092  2187  2271  2351  2436  2523  2606  2688  2772  2853  2936  3023  3103  3186  3272  3354  3439  3521  3604  3688  3771  3851  3937  4019  4104  4188  4271  4356  4436  4522  4604  4687  4772  4854  4937 
 60  20  103  189  272  335  440  523  605  687  774  859  943  1026  1112  1196  1277  1318  1442  1518  1602  1690  1772  1854  1937  2024  2105  2188  2272  2352  2420  2524  2607  2671  2773  2854  2937  3024  3104  3167  3273  3355  3440  3522  3605  3689  3772  3852  3938  4020  4105  4169  4272  4357  4437  4523  4605  4688  4766  4855  4938 
 60  18  104  190  273  356  435  510  606  688  775  817  944  1029  1113  1197  1278  1360  1441  1521  1592  1691  1773  1855  1938  2005  2102  2189  2273  2353  2437  2525  2608  2689  2774  2855  2923  3025  3105  3187  3270  3356  3441  3523  3589  3690  3750  3853  3939  4021  4099  4189  4272  4358  4418  4524  4606  4677  4773  4856  4939 
 60  21  105  191  257  357  415  524  607  689  776  860  918  1030  1114  1198  1279  1356  1443  1517  1586  1692  1761  1853  1931  2004  2106  2190  2274  2354  2438  2526  2609  2690  2775  2843  2938  3002  3106  3188  3274  3357  3442  3524  3591  3691  3772  3854  3925  4022  4106  4190  4260  4348  4438  4525  4607  4672  4774  4857  4940 
 60  22  106  170  274  358  441  525  608  690  777  861  945  1031  1115  1199  1270  1361  1444  1522  1603  1693  1774  1836  1939  2019  2082  2191  2275  2355  2439  2508  2610  2672  2776  2856  2939  3024  3091  3189  3275  3347  3428  3525  3606  3679  3773  3855  3940  4023  4107  4191  4273  4359  4439  4524  4608  4689  4775  4858  4941 
 60  23  107  192  275  359  442  526  609  691  778  862  942  1028  1116  1200  1280  1362  1445  1512  1604  1692  1769  1856  1940  2002  2107  2192  2276  2356  2440  2527  2611  2691  2760  2857  2940  3026  3107  3190  3276  3358  3419  3526  3607  3692  3774  3856  3941  4024  4084  4192  4273  4360  4440  4526  4584  4690  4776  4859  4942 
 60  24  108  193  269  360  443  527  610  677  779  863  945  1032  1117  1201  1275  1353  1413  1523  1589  1683  1775  1857  1941  2000  2098  2181  2271  2357  2441  2507  2612  2692  2777  2858  2938  3027  3108  3191  3277  3359  3443  3527  3608  3689  3775  3857  3942  4025  4108  4193  4274  4361  4420  4508  4609  4691  4777  4860  4936 
 60  25  109  194  276  361  425  527  611  692  780  864  923  1033  1118  1195  1281  1363  1446  1524  1605  1694  1776  1858  1917  2021  2108  2193  2277  2358  2442  2528  2586  2693  2758  2859  2940  3028  3109  3179  3278  3360  3432  3528  3609  3693  3772  3844  3943  4026  4109  4194  4275  4347  4441  4527  4610  4678  4778  4861  4943 
 60  26  110  195  274  348  444  528  612  693  781  865  935  1034  1119  1202  1282  1364  1422  1525  1606  1673  1764  1859  1942  2025  2086  2194  2278  2359  2434  2529  2592  2694  2773  2850  2941  3029  3094  3192  3279  3361  3444  3529  3610  3693  3771  3858  3944  4027  4110  4192  4276  4362  4442  4528  4588  4692  4779  4862  4944 
 60  27  111  196  277  362  445  529  586  680  782  866  922  1035  1115  1182  1283  1365  1447  1512  1607  1695  1775  1860  1943  2007  2109  2195  2279  2360  2437  2530  2589  2695  2778  2835  2942  3030  3110  3193  3264  3362  3445  3508  3611  3694  3776  3859  3945  4028  4111  4195  4277  4363  4443  4529  4602  4678  4780  4855  4937 
 60  28  112  197  253  363  446  530  595  694  768  867  946  1027  1120  1152  1284  1366  1423  1526  1608  1696  1777  1861  1944  2026  2110  2196  2280  2361  2418  2531  2613  2696  2779  2860  2937  3031  3098  3174  3280  3357  3446  3530  3612  3676  3777  3860  3946  4018  4112  4196  4278  4364  4444  4530  4611  4693  4748  4846  4945 
 60  29  113  198  252  338  447  531  613  685  783  868  947  1019  1121  1186  1257  1367  1448  1527  1609  1697  1759  1862  1945  2027  2111  2169  2281  2362  2443  2532  2614  2697  2780  2861  2943  3032  3087  3194  3281  3363  3443  3531  3613  3695  3766  3861  3939  4029  4113  4197  4279  4365  4445  4506  4598  4688  4781  4845  4946 
 60  30  114  199  278  364  448  526  596  695  782  869  948  1023  1102  1203  1285  1358  1449  1528  1610  1698  1778  1863  1937  2028  2112  2169  2282  2363  2419  2533  2615  2698  2781  2862  2922  3033  3111  3195  3282  3347  3447  3532  3614  3696  3778  3862  3947  4025  4114  4172  4280  4334  4415  4500  4612  4694  4782  4863  4947 
 60  31  115  200  279  360  449  532  614  696  784  870  924  1036  1077  1204  1270  1368  1425  1529  1606  1699  1779  1856  1946  2029  2113  2197  2283  2338  2444  2534  2616  2680  2782  2835  2944  3034  3106  3196  3283  3364  3448  3533  3615  3697  3779  3863  3948  4030  4115  4198  4281  4366  4446  4531  4613  4693  4781  4840  4947 
 60  28  116  201  280  365  450  507  615  697  785  871  949  1037  1101  1205  1269  1369  1450  1530  1611  1700  1780  1855  1947  2021  2114  2198  2284  2356  2445  2535  2617  2699  2783  2863  2921  3012  3112  3197  3273  3365  3449  3534  3616  3698  3780  3864  3949  4031  4116  4199  4282  4367  4447  4517  4612  4695  4783  4864  4948 
 60  32  117  202  270  361  448  517  616  698  786  847  950  1038  1122  1206  1286  1370  1451  1531  1592  1674  1781  1864  1948  2030  2115  2197  2253  2336  2434  2536  2618  2676  2768  2864  2945  3035  3113  3181  3284  3366  3450  3505  3617  3699  3781  3865  3949  4032  4117  4193  4283  4357  4448  4509  4583  4696  4784  4865  4933 
 60  32  110  191  251  336  451  518  617  673  787  872  925  943  1121  1195  1287  1362  1452  1521  1612  1701  1760  1865  1949  2031  2116  2199  2285  2364  2446  2537  2616  2700  2784  2865  2946  3016  3114  3198  3285  3367  3451  3530  3618  3700  3782  3866  3950  4025  4118  4200  4252  4368  4449  4532  4602  4697  4785  4866  4949 
 60  27  99  203  280  366  452  512  618  699  788  847  944  1014  1123  1207  1288  1316  1439  1532  1613  1702  1757  1866  1950  2032  2117  2200  2274  2365  2428  2538  2619  2693  2785  2866  2947  3036  3115  3199  3286  3368  3452  3530  3614  3701  3774  3867  3929  4013  4108  4201  4284  4369  4450  4533  4614  4698  4786  4867  4950 
 60  33  118  204  269  367  453  522  619  700  771  856  951  1037  1124  1208  1278  1371  1453  1533  1603  1703  1782  1867  1951  2033  2118  2201  2286  2366  2429  2539  2615  2701  2786  2867  2948  3037  3099  3192  3260  3369  3453  3535  3619  3702  3783  3868  3951  4018  4119  4202  4256  4348  4441  4534  4591  4699  4787  4867  4946 
 60  32  83  205  281  355  437  505  620  701  789  873  924  1039  1125  1209  1289  1372  1430  1534  1614  1704  1783  1848  1951  2034  2119  2202  2276  2352  2447  2509  2585  2702  2787  2868  2949  3008  3116  3200  3287  3370  3454  3536  3608  3703  3784  3864  3952  4033  4120  4203  4285  4370  4451  4535  4598  4700  4761  4868  4918 
 60  34  94  206  282  368  449  533  621  702  790  841  952  1040  1126  1191  1290  1373  1444  1535  1615  1705  1778  1868  1952  2035  2089  2203  2287  2367  2448  2540  2620  2695  2764  2842  2950  3038  3113  3201  3288  3371  3455  3537  3620  3704  3762  3869  3953  4034  4121  4204  4286  4371  4452  4518  4604  4701  4788  4869  4951 
 60  35  119  178  283  369  454  534  622  703  791  874  953  1041  1127  1177  1291  1374  1454  1515  1616  1697  1784  1869  1953  2008  2084  2204  2288  2368  2433  2541  2606  2703  2788  2869  2951  3026  3114  3202  3289  3372  3456  3538  3600  3705  3785  3852  3954  4022  4122  4205  4285  4363  4450  4536  4582  4702  4789  4870  4952 
 60  36  120  207  284  370  455  535  623  704  792  852  946  1042  1128  1210  1268  1375  1455  1536  1617  1703  1785  1870  1927  2036  2120  2205  2250  2369  2449  2542  2588  2684  2752  2870  2952  3033  3092  3203  3274  3351  3457  3539  3600  3688  3786  3866  3931  4035  4115  4206  4287  4372  4420  4537  4615  4696  4790  4871  4926 
 60  37  121  208  265  371  456  536  624  705  793  858  954  977  1129  1168  1283  1376  1423  1537  1610  1706  1786  1871  1954  2017  2121  2206  2263  2370  2438  2511  2621  2697  2789  2870  2933  3019  3107  3204  3258  3373  3423  3522  3621  3706  3779  3870  3949  4017  4123  4207  4288  4373  4453  4512  4603  4703  4791  4872  4953 
 60  38  122  209  285  354  412  537  621  706  794  875  955  1043  1130  1211  1281  1351  1449  1525  1616  1707  1787  1872  1933  2037  2122  2207  2289  2371  2450  2543  2622  2675  2790  2871  2953  3003  3117  3205  3275  3374  3452  3505  3615  3676  3787  3871  3942  4015  4124  4208  4255  4374  4429  4538  4616  4704  4792  4873  4954 
 60  39  123  196  286  372  457  530  598  707  778  868  929  1044  1130  1212  1245  1377  1456  1538  1618  1686  1788  1833  1955  2038  2105  2208  2290  2372  2451  2544  2587  2704  2791  2872  2954  3033  3118  3206  3290  3334  3458  3510  3604  3707  3749  3857  3955  4036  4123  4209  4289  4359  4454  4539  4614  4679  4793  4874  4944 
 60  20  93  208  273  373  437  538  584  708  795  876  956  1045  1131  1180  1262  1378  1457  1528  1619  1699  1789  1849  1950  2039  2123  2209  2291  2372  2450  2521  2623  2691  2792  2873  2936  3039  3119  3207  3291  3375  3432  3540  3622  3708  3788  3872  3956  4027  4125  4184  4290  4375  4455  4499  4608  4676  4794  4838  4955 
 60  40  124  167  287  373  430  539  592  682  794  819  957  1046  1120  1213  1277  1357  1458  1539  1620  1708  1790  1873  1928  2015  2083  2200  2292  2373  2452  2545  2624  2705  2769  2845  2943  3040  3083  3208  3257  3349  3459  3541  3623  3709  3752  3873  3920  4037  4126  4210  4291  4346  4443  4540  4617  4705  4795  4875  4943 
 60  11  91  210  288  352  458  540  625  709  796  877  958  1047  1132  1214  1292  1356  1459  1540  1621  1699  1755  1874  1956  2040  2120  2191  2293  2374  2453  2504  2597  2706  2793  2874  2955  3041  3120  3176  3292  3354  3447  3506  3624  3701  3753  3871  3957  4038  4127  4211  4292  4370  4456  4529  4618  4706  4796  4876  4956 
 60  41  95  211  289  374  459  541  626  686  797  855  938  1044  1080  1176  1293  1379  1459  1526  1622  1690  1791  1875  1923  2036  2124  2203  2291  2354  2454  2534  2625  2707  2794  2834  2956  3042  3121  3209  3293  3367  3441  3517  3625  3686  3776  3873  3951  4023  4117  4212  4293  4361  4457  4541  4619  4698  4750  4877  4922 
 60  42  93  173  290  358  387  542  627  679  791  878  959  970  1133  1206  1294  1321  1460  1541  1606  1690  1792  1876  1957  2041  2125  2210  2251  2375  2421  2510  2619  2708  2795  2875  2957  3004  3122  3194  3294  3376  3454  3542  3624  3710  3789  3874  3947  4017  4128  4173  4294  4376  4458  4517  4620  4707  4776  4857  4951 
 60  19  125  203  291  375  460  543  599  710  752  879  960  1048  1106  1196  1295  1371  1450  1542  1623  1705  1786  1870  1958  2027  2126  2211  2285  2376  2439  2525  2626  2709  2778  2852  2957  3043  3123  3209  3277  3377  3460  3538  3585  3711  3781  3833  3958  4039  4124  4171  4291  4341  4459  4542  4621  4708  4769  4836  4957 
 60  17  102  212  292  352  439  544  628  711  798  880  961  1049  1134  1179  1296  1380  1458  1543  1624  1709  1793  1845  1959  2042  2127  2212  2287  2341  2455  2546  2594  2678  2796  2840  2945  3044  3124  3180  3295  3378  3449  3500  3612  3671  3779  3875  3959  4036  4086  4213  4280  4337  4430  4527  4622  4676  4797  4878  4958 
 60  21  126  213  293  376  461  545  629  712  779  881  962  1008  1103  1171  1297  1381  1461  1544  1585  1694  1794  1861  1933  2043  2128  2199  2294  2377  2425  2547  2621  2710  2761  2833  2958  3010  3125  3210  3296  3356  3438  3539  3626  3673  3751  3876  3960  4040  4129  4214  4265  4351  4460  4543  4623  4709  4798  4879  4959 
 60  43  127  214  294  377  462  543  630  713  764  882  958  1050  1125  1215  1269  1338  1462  1538  1625  1678  1795  1877  1960  2036  2127  2176  2252  2368  2456  2548  2624  2711  2772  2876  2935  3045  3100  3179  3280  3379  3461  3543  3613  3706  3790  3855  3918  4004  4130  4169  4295  4377  4461  4544  4624  4710  4788  4880  4924 
 60  42  94  215  286  378  463  546  592  714  798  840  963  1051  1135  1208  1272  1331  1421  1545  1626  1710  1763  1838  1961  2044  2129  2213  2272  2363  2457  2505  2590  2690  2782  2877  2959  3046  3126  3211  3262  3361  3439  3544  3627  3712  3791  3871  3961  4041  4122  4181  4296  4378  4462  4545  4625  4682  4780  4881  4960 
 60  44  128  190  295  336  464  527  625  715  756  878  917  1040  1136  1216  1298  1377  1463  1509  1627  1711  1796  1861  1920  2019  2130  2214  2295  2345  2458  2549  2601  2712  2797  2866  2960  3047  3127  3184  3297  3380  3423  3534  3628  3713  3764  3877  3962  4042  4131  4210  4297  4379  4463  4538  4626  4700  4787  4845  4961 
 60  20  129  216  296  379  465  531  631  716  799  836  932  962  1135  1217  1299  1382  1464  1519  1628  1712  1797  1878  1962  2045  2117  2179  2253  2378  2459  2508  2627  2713  2798  2878  2961  3048  3128  3212  3298  3381  3448  3545  3601  3714  3792  3878  3963  4001  4130  4187  4298  4380  4428  4546  4627  4711  4799  4854  4926 
 60  45  97  217  295  380  466  535  632  717  772  839  964  1052  1137  1218  1300  1361  1438  1532  1629  1713  1764  1864  1963  2046  2112  2215  2281  2368  2460  2550  2628  2714  2759  2879  2919  3049  3126  3167  3299  3382  3462  3546  3629  3715  3793  3879  3964  4005  4132  4207  4299  4381  4452  4522  4628  4712  4785  4841  4962 
 60  46  130  218  297  370  467  547  627  718  776  831  960  1022  1138  1219  1287  1373  1424  1546  1630  1714  1798  1879  1944  2008  2131  2216  2261  2379  2454  2551  2629  2715  2799  2880  2936  3050  3129  3213  3300  3383  3463  3547  3630  3714  3794  3880  3948  4008  4133  4215  4265  4382  4454  4538  4629  4695  4796  4882  4942 
 60  38  131  219  268  381  454  536  633  712  800  879  963  1027  1139  1169  1301  1383  1402  1523  1603  1715  1751  1840  1952  2047  2116  2217  2296  2380  2461  2552  2630  2716  2796  2881  2962  3028  3130  3214  3292  3384  3462  3504  3631  3668  3795  3881  3927  4043  4134  4197  4300  4383  4437  4547  4630  4687  4800  4883  4963 
 60  47  101  179  298  344  468  548  634  719  752  841  922  1053  1121  1220  1297  1384  1465  1530  1605  1707  1799  1876  1964  2026  2103  2218  2297  2351  2462  2553  2631  2717  2798  2882  2963  3051  3131  3215  3301  3385  3441  3548  3632  3716  3758  3882  3933  4024  4083  4216  4301  4378  4454  4548  4631  4713  4801  4884  4958 
 60  31  90  220  265  365  469  539  635  698  763  883  934  1053  1140  1221  1302  1385  1426  1547  1623  1716  1800  1868  1949  2048  2132  2187  2260  2346  2461  2531  2632  2718  2752  2883  2964  3025  3102  3216  3302  3368  3418  3549  3633  3717  3796  3883  3947  4023  4135  4217  4250  4384  4464  4505  4632  4714  4768  4885  4924 
 60  46  132  190  286  382  470  549  622  705  801  884  933  1015  1075  1222  1259  1385  1466  1531  1631  1717  1801  1850  1940  2049  2133  2171  2279  2381  2463  2554  2633  2677  2800  2851  2965  3052  3121  3200  3252  3340  3464  3550  3634  3680  3797  3884  3936  4044  4136  4216  4302  4385  4438  4549  4633  4699  4802  4834  4956 
 60  41  133  195  299  383  471  550  636  687  755  885  944  1000  1093  1223  1303  1306  1467  1548  1632  1718  1775  1880  1965  2014  2134  2219  2298  2355  2447  2555  2634  2669  2796  2869  2966  3018  3132  3217  3303  3341  3436  3535  3635  3718  3794  3885  3960  4045  4137  4218  4269  4372  4464  4550  4610  4707  4803  4886  4964 
 60  48  134  221  290  360  472  551  606  695  800  886  965  1054  1068  1213  1304  1386  1468  1549  1633  1719  1766  1881  1966  2050  2088  2174  2287  2371  2464  2556  2631  2709  2801  2836  2917  3046  3119  3175  3293  3386  3458  3514  3611  3718  3798  3841  3965  4046  4138  4217  4303  4349  4465  4551  4596  4709  4761  4887  4965 
 60  49  101  197  300  384  473  523  624  720  796  887  966  1055  1109  1224  1293  1343  1469  1505  1634  1720  1785  1882  1967  2051  2092  2207  2262  2382  2465  2554  2585  2701  2783  2884  2967  3027  3133  3218  3304  3382  3416  3533  3636  3719  3789  3886  3966  4047  4133  4219  4304  4386  4424  4552  4634  4694  4804  4888  4966 
 60  0  135  221  301  385  471  552  637  721  789  888  921  1056  1141  1225  1305  1320  1438  1550  1593  1677  1770  1883  1968  2030  2135  2207  2299  2358  2466  2529  2635  2711  2751  2852  2939  3016  3096  3219  3296  3355  3465  3551  3637  3704  3799  3837  3967  4036  4139  4190  4305  4387  4421  4553  4635  4714  4805  4889  4921 
 60  15  136  164  281  346  474  553  619  694  790  889  967  1049  1142  1217  1306  1375  1470  1551  1635  1683  1802  1884  1963  2043  2136  2194  2300  2383  2467  2524  2636  2719  2802  2872  2968  3020  3134  3204  3305  3387  3459  3523  3638  3720  3800  3838  3968  4048  4089  4197  4282  4388  4466  4513  4636  4715  4806  4876  4967 
 60  50  137  181  302  345  438  513  638  722  802  887  926  999  1143  1212  1226  1368  1471  1552  1601  1721  1751  1859  1969  2052  2129  2220  2301  2384  2468  2557  2615  2720  2803  2885  2969  3053  3104  3220  3306  3388  3461  3552  3639  3721  3801  3870  3969  4049  4113  4220  4306  4372  4467  4507  4637  4716  4755  4887  4968 
 60  21  138  222  292  382  469  554  632  708  769  854  968  1057  1144  1226  1265  1387  1464  1537  1636  1670  1798  1881  1970  2053  2137  2201  2295  2347  2451  2558  2637  2721  2769  2834  2946  3054  3112  3221  3307  3363  3450  3553  3640  3687  3802  3852  3970  4004  4140  4204  4307  4378  4459  4554  4638  4707  4807  4890  4936 
 60  51  139  168  254  372  475  509  639  672  787  890  969  1058  1110  1205  1307  1388  1468  1553  1637  1722  1803  1885  1917  2012  2122  2221  2283  2379  2420  2533  2638  2722  2792  2879  2970  3055  3134  3199  3297  3389  3453  3554  3641  3722  3777  3837  3941  4022  4127  4204  4308  4341  4468  4516  4606  4717  4758  4891  4969 
 60  52  140  223  279  386  444  546  640  723  782  891  947  968  1091  1227  1308  1341  1472  1505  1627  1667  1772  1886  1949  2054  2138  2222  2252  2381  2423  2559  2599  2689  2762  2886  2950  3021  3089  3222  3258  3390  3466  3528  3596  3723  3787  3887  3958  4050  4104  4221  4309  4389  4469  4507  4639  4685  4808  4882  4970 
 60  53  109  184  303  374  394  555  639  705  803  892  946  1006  1145  1188  1309  1381  1401  1539  1619  1723  1804  1846  1971  2055  2139  2172  2302  2385  2469  2560  2617  2723  2804  2887  2930  3056  3135  3186  3256  3391  3462  3555  3590  3724  3803  3888  3962  4051  4141  4182  4310  4368  4464  4546  4582  4718  4762  4873  4971 
 60  54  141  224  304  361  476  556  586  713  804  893  899  1042  1103  1228  1296  1389  1473  1554  1638  1724  1805  1872  1961  2056  2091  2223  2265  2386  2470  2561  2639  2724  2805  2838  2971  3050  3136  3177  3307  3377  3467  3556  3619  3717  3760  3849  3922  4052  4142  4220  4285  4390  4470  4526  4640  4694  4750  4874  4956 
 60  55  98  205  305  332  475  557  641  724  766  850  970  1059  1116  1229  1310  1390  1453  1513  1638  1717  1806  1884  1972  2057  2140  2224  2288  2387  2471  2549  2620  2692  2806  2861  2972  3057  3137  3171  3308  3362  3468  3515  3642  3725  3751  3879  3971  4053  4118  4194  4311  4391  4471  4524  4616  4719  4808  4892  4960 
 60  56  117  204  252  387  473  510  642  706  805  865  971  1042  1146  1147  1311  1340  1474  1555  1615  1717  1807  1858  1939  2055  2141  2216  2303  2361  2457  2535  2602  2725  2807  2853  2963  3058  3134  3223  3309  3367  3430  3511  3633  3669  3788  3867  3917  4054  4143  4222  4300  4392  4463  4502  4641  4720  4771  4842  4972 
 60  39  142  207  281  388  425  558  643  725  775  894  972  1046  1060  1172  1267  1391  1459  1514  1639  1676  1808  1887  1973  2058  2118  2225  2261  2386  2468  2562  2633  2726  2788  2888  2918  3023  3100  3212  3291  3373  3469  3504  3643  3713  3767  3874  3972  4005  4102  4198  4312  4389  4472  4555  4605  4721  4758  4873  4973 
 60  57  113  185  306  389  472  559  644  667  751  895  930  1060  1146  1230  1312  1345  1475  1541  1614  1694  1779  1888  1934  2059  2104  2166  2286  2388  2471  2529  2640  2727  2792  2889  2973  3059  3118  3201  3310  3392  3426  3541  3627  3726  3804  3866  3973  4021  4144  4208  4313  4393  4473  4556  4634  4722  4807  4893  4941 
 60  58  143  222  307  368  383  555  643  726  806  896  927  1061  1147  1231  1289  1392  1432  1519  1640  1673  1809  1889  1974  2050  2138  2226  2304  2387  2432  2524  2630  2699  2808  2856  2974  3034  3138  3170  3311  3372  3451  3549  3584  3727  3805  3889  3974  4055  4145  4219  4270  4394  4421  4511  4609  4723  4793  4835  4939 
 60  59  137  206  308  367  476  560  644  669  748  897  973  1006  1098  1176  1257  1352  1436  1530  1641  1716  1795  1870  1975  2060  2113  2182  2271  2361  2459  2563  2641  2728  2766  2890  2975  3049  3139  3185  3312  3393  3470  3557  3592  3674  3778  3890  3975  4003  4105  4223  4305  4395  4465  4554  4642  4685  4786  4843  4974 
 60  60  144  196  309  390  465  561  615  679  807  898  974  1062  1126  1144  1313  1393  1476  1502  1593  1725  1806  1866  1976  2061  2138  2183  2305  2389  2442  2503  2642  2714  2809  2838  2948  3047  3140  3218  3313  3394  3427  3558  3644  3728  3757  3863  3976  4008  4122  4224  4313  4355  4474  4509  4643  4674  4767  4894  4965 
 60  46  98  225  310  391  477  506  603  692  797  843  975  1034  1148  1232  1314  1394  1473  1508  1642  1669  1800  1888  1946  2013  2142  2227  2306  2390  2449  2533  2643  2729  2795  2865  2976  3031  3141  3224  3250  3371  3433  3559  3645  3729  3754  3872  3954  4046  4113  4225  4277  4377  4475  4557  4587  4689  4809  4842  4928 
 60  2  145  220  311  392  471  521  603  675  808  863  976  1025  1030  1192  1309  1386  1477  1556  1643  1679  1792  1890  1972  2051  2127  2216  2307  2391  2472  2523  2641  2716  2810  2891  2977  3060  3104  3225  3267  3358  3450  3540  3646  3694  3806  3878  3950  4040  4146  4226  4314  4366  4426  4540  4644  4724  4810  4872  4975 
 60  61  119  194  298  380  463  541  588  727  774  881  977  1036  1149  1233  1284  1395  1477  1557  1644  1715  1810  1891  1967  2006  2143  2228  2308  2392  2473  2527  2644  2730  2811  2849  2948  3061  3110  3223  3314  3395  3454  3531  3620  3730  3760  3883  3969  4014  4106  4227  4267  4396  4469  4558  4597  4718  4773  4853  4976 
 60  5  146  197  261  348  464  501  645  728  794  890  978  1063  1150  1234  1315  1396  1428  1538  1642  1721  1811  1890  1977  2062  2144  2229  2268  2344  2474  2562  2617  2731  2763  2864  2978  3041  3106  3203  3276  3392  3471  3523  3634  3731  3757  3891  3977  4056  4134  4228  4274  4365  4441  4559  4623  4703  4768  4892  4977 
 60  62  103  172  301  393  475  562  646  688  809  899  979  1064  1138  1235  1294  1397  1461  1558  1628  1726  1812  1892  1978  2061  2093  2201  2309  2393  2464  2517  2645  2687  2812  2842  2935  3062  3126  3198  3315  3380  3472  3560  3633  3708  3804  3892  3978  4055  4134  4218  4315  4356  4448  4549  4645  4672  4806  4859  4968 
 60  55  147  169  287  381  466  563  596  676  746  863  980  1065  1099  1189  1316  1398  1478  1521  1645  1688  1810  1845  1954  2053  2145  2218  2310  2377  2444  2564  2646  2728  2813  2864  2979  3063  3142  3211  3300  3372  3442  3550  3601  3718  3777  3833  3956  4029  4147  4229  4315  4335  4429  4560  4593  4725  4778  4833  4935 
 60  31  148  226  297  351  478  564  636  729  810  857  926  980  1132  1198  1283  1384  1466  1527  1646  1727  1813  1854  1979  2035  2087  2230  2284  2375  2424  2565  2626  2732  2750  2892  2934  3058  3138  3226  3265  3346  3473  3515  3647  3696  3804  3893  3940  4033  4125  4192  4305  4397  4476  4561  4622  4726  4809  4877  4978 
 60  63  127  169  312  394  431  513  607  670  773  898  981  1017  1096  1236  1264  1399  1479  1535  1647  1686  1814  1858  1962  2032  2124  2231  2279  2394  2475  2566  2611  2692  2814  2860  2980  3035  3103  3225  3316  3396  3474  3561  3635  3697  3807  3877  3979  4052  4116  4181  4316  4393  4477  4558  4646  4727  4811  4876  4957 
 60  24  136  227  313  395  467  560  647  684  766  900  957  1038  1092  1220  1304  1349  1480  1542  1648  1666  1787  1893  1980  2063  2139  2232  2274  2395  2476  2567  2638  2673  2815  2893  2974  3064  3082  3227  3289  3337  3475  3522  3648  3700  3808  3891  3976  4057  4148  4183  4290  4376  4478  4526  4647  4726  4782  4895  4920 
 60  50  149  184  274  339  474  565  648  730  795  901  974  1022  1139  1206  1312  1400  1474  1559  1649  1713  1801  1894  1981  1999  2146  2204  2294  2395  2477  2505  2604  2695  2816  2844  2943  3065  3143  3209  3301  3397  3473  3532  3640  3732  3775  3868  3980  4058  4135  4230  4262  4340  4475  4560  4626  4728  4759  4850  4954 
 60  61  124  228  294  396  434  520  585  668  811  891  982  1066  1116  1237  1290  1401  1432  1541  1650  1691  1774  1895  1980  2030  2096  2233  2264  2396  2460  2568  2613  2733  2817  2894  2924  3028  3144  3216  3269  3398  3469  3545  3649  3733  3756  3867  3981  4031  4090  4195  4314  4386  4457  4550  4613  4684  4812  4891  4979 
 60  40  150  229  314  385  468  566  601  726  812  902  983  1002  1113  1194  1290  1402  1451  1522  1602  1675  1796  1896  1953  2043  2112  2234  2255  2382  2478  2504  2593  2734  2780  2876  2947  3050  3145  3228  3267  3375  3446  3510  3650  3734  3809  3894  3982  4009  4084  4229  4281  4396  4465  4535  4586  4671  4791  4892  4916 
 60  37  151  230  315  397  451  508  630  731  745  840  979  1024  1084  1161  1303  1327  1476  1509  1651  1728  1756  1884  1982  2064  2133  2197  2311  2397  2445  2565  2587  2667  2758  2867  2941  3023  3097  3183  3296  3384  3421  3506  3651  3731  3810  3895  3983  4039  4143  4231  4306  4398  4479  4562  4627  4729  4804  4882  4980 
 60  7  140  231  316  342  479  537  617  732  758  876  984  1021  1095  1199  1295  1388  1481  1560  1650  1729  1782  1897  1983  2065  2110  2235  2277  2398  2475  2569  2589  2725  2781  2895  2920  3020  3118  3229  3298  3399  3467  3562  3608  3724  3793  3861  3969  4046  4128  4232  4317  4369  4480  4563  4599  4668  4763  4896  4952 
 60  64  137  223  291  398  446  549  643  733  809  860  964  1045  1104  1159  1317  1383  1482  1549  1607  1709  1800  1847  1984  2066  2147  2236  2312  2379  2465  2570  2620  2735  2816  2896  2981  3066  3084  3206  3309  3392  3476  3563  3652  3695  3800  3894  3984  4051  4097  4211  4294  4390  4432  4512  4648  4711  4770  4864  4981 
 60  23  152  172  306  392  480  567  591  734  813  849  985  1057  1115  1238  1284  1371  1434  1554  1599  1730  1815  1898  1985  2067  2132  2170  2283  2373  2479  2528  2647  2712  2794  2897  2924  3005  3115  3191  3251  3355  3477  3564  3599  3735  3811  3896  3957  4059  4149  4233  4318  4375  4475  4547  4642  4730  4799  4863  4948 
 60  65  150  189  258  399  458  517  638  666  803  903  945  991  1151  1239  1279  1380  1445  1561  1610  1731  1810  1862  1986  2068  2085  2184  2313  2399  2480  2544  2648  2722  2787  2898  2982  3067  3146  3230  3293  3369  3465  3565  3640  3716  3812  3860  3928  4042  4096  4234  4300  4399  4461  4555  4648  4731  4813  4837  4925 
 60  24  153  228  255  372  481  568  631  735  793  865  953  1024  1137  1184  1292  1375  1428  1562  1609  1732  1761  1898  1964  2041  2130  2222  2314  2376  2435  2571  2630  2680  2818  2848  2958  3068  3124  3231  3278  3345  3478  3501  3653  3732  3813  3897  3921  4060  4100  4223  4319  4400  4461  4541  4616  4695  4802  4849  4938 
 60  18  105  232  317  337  482  569  590  702  814  893  986  1067  1152  1229  1318  1370  1483  1504  1619  1682  1762  1851  1919  2017  2103  2204  2303  2357  2481  2515  2649  2736  2787  2874  2944  3006  3147  3232  3310  3376  3479  3531  3654  3675  3808  3847  3958  4061  4150  4215  4304  4377  4481  4564  4585  4715  4814  4897  4982 
 60  66  154  232  303  400  478  570  602  685  762  874  916  1063  1153  1240  1319  1403  1484  1563  1652  1700  1816  1865  1941  2010  2121  2234  2295  2334  2482  2572  2608  2730  2767  2881  2954  3069  3148  3200  3317  3362  3465  3542  3622  3679  3762  3898  3985  4062  4151  4212  4296  4355  4467  4525  4587  4732  4751  4898  4967 
 60  67  120  188  272  401  462  548  640  736  815  890  974  1068  1154  1207  1293  1404  1445  1564  1614  1712  1809  1838  1985  2020  2101  2237  2270  2335  2483  2563  2645  2721  2819  2855  2920  3070  3094  3196  3318  3396  3424  3566  3626  3720  3755  3847  3972  4028  4095  4229  4299  4397  4482  4565  4611  4733  4777  4866  4963 
 60  22  147  233  292  395  483  529  605  671  750  904  928  1069  1155  1197  1320  1405  1485  1556  1616  1731  1817  1867  1964  2069  2125  2177  2315  2348  2481  2500  2640  2725  2808  2879  2954  3071  3149  3216  3256  3349  3468  3520  3610  3728  3775  3835  3937  4041  4101  4225  4320  4342  4483  4566  4642  4734  4783  4899  4973 
 60  68  155  234  289  356  422  545  649  732  813  896  936  1038  1117  1241  1311  1406  1449  1565  1612  1733  1813  1844  1987  2025  2101  2205  2313  2400  2463  2531  2636  2709  2755  2885  2983  3009  3150  3207  3308  3389  3480  3560  3652  3694  3814  3850  3943  4061  4142  4231  4321  4336  4431  4567  4649  4713  4797  4886  4932 
 60  69  156  213  318  343  474  571  650  737  816  852  987  1012  1100  1216  1250  1374  1465  1566  1652  1734  1818  1882  1965  2070  2135  2238  2273  2374  2452  2520  2633  2681  2814  2896  2977  3043  3128  3220  3264  3369  3481  3517  3649  3706  3770  3840  3986  4063  4121  4221  4321  4401  4445  4564  4622  4723  4782  4874  4938 
 60  49  131  198  294  364  436  549  651  737  789  905  969  1070  1096  1242  1321  1407  1486  1567  1584  1729  1813  1874  1988  2071  2148  2192  2263  2401  2484  2573  2639  2737  2812  2899  2976  3054  3148  3233  3278  3374  3456  3546  3623  3734  3761  3899  3926  4064  4102  4168  4254  4399  4455  4568  4590  4709  4767  4900  4940 
 60  8  157  235  285  358  440  504  652  738  760  867  988  1071  1156  1174  1288  1397  1427  1550  1653  1735  1783  1899  1984  2072  2108  2167  2268  2396  2479  2516  2650  2727  2809  2900  2974  3006  3105  3186  3260  3361  3460  3548  3621  3736  3815  3856  3953  4063  4152  4213  4259  4402  4476  4569  4649  4735  4815  4850  4970 
 60  52  130  185  319  402  461  572  642  728  760  898  989  1052  1072  1127  1299  1354  1458  1467  1654  1677  1819  1875  1989  2073  2096  2239  2316  2353  2436  2564  2638  2734  2754  2836  2965  3072  3136  3234  3319  3400  3472  3553  3655  3692  3801  3839  3955  4014  4114  4235  4263  4345  4431  4537  4588  4706  4792  4867  4983 
 60  70  133  218  285  371  466  540  653  739  812  899  990  1054  1125  1199  1271  1403  1415  1513  1655  1732  1804  1900  1958  2024  2118  2208  2317  2381  2485  2527  2595  2684  2766  2883  2984  3031  3151  3199  3279  3364  3482  3567  3626  3721  3768  3896  3925  4006  4153  4236  4274  4403  4443  4502  4650  4701  4816  4837  4939 
 60  33  85  219  311  403  484  548  654  740  758  906  937  1064  1107  1185  1302  1349  1455  1540  1635  1736  1770  1880  1984  2054  2149  2189  2318  2402  2486  2564  2651  2705  2808  2878  2972  3038  3117  3226  3290  3394  3420  3568  3629  3719  3765  3900  3935  4030  4154  4237  4271  4404  4484  4558  4651  4721  4751  4844  4940 
 60  22  158  226  320  396  432  573  655  674  817  862  950  1072  1147  1242  1322  1379  1487  1552  1635  1688  1778  1887  1965  2037  2150  2227  2319  2362  2455  2550  2649  2670  2765  2847  2985  3061  3152  3210  3292  3335  3470  3543  3602  3710  3783  3878  3961  4065  4091  4238  4307  4375  4480  4562  4643  4736  4817  4848  4981 
 60  41  159  236  321  404  460  546  647  737  772  867  972  983  1157  1221  1228  1408  1456  1565  1656  1737  1819  1851  1928  2055  2090  2202  2320  2398  2487  2542  2603  2738  2817  2901  2981  3073  3153  3215  3315  3359  3463  3569  3637  3705  3816  3876  3987  4066  4136  4173  4322  4379  4453  4552  4596  4704  4818  4844  4923 
 60  71  156  215  311  390  485  523  611  690  783  900  964  1020  1158  1243  1323  1385  1440  1563  1657  1733  1815  1846  1974  2057  2114  2220  2296  2357  2480  2541  2609  2702  2786  2902  2925  3068  3145  3235  3314  3390  3421  3503  3625  3737  3769  3893  3988  4067  4088  4235  4323  4358  4473  4518  4652  4669  4776  4901  4954 
 60  57  129  201  271  405  428  556  587  715  784  896  991  1043  1142  1213  1313  1341  1429  1558  1653  1701  1808  1895  1922  2051  2147  2219  2321  2397  2473  2518  2637  2736  2813  2862  2986  3057  3109  3193  3295  3401  3483  3524  3595  3667  3795  3901  3982  4033  4127  4216  4322  4405  4460  4570  4647  4669  4819  4838  4972 
 60  7  120  192  313  378  486  500  656  668  812  870  932  939  1159  1229  1312  1409  1488  1568  1643  1724  1767  1871  1990  2042  2151  2215  2321  2339  2430  2538  2622  2715  2820  2892  2982  3074  3114  3194  3273  3393  3484  3527  3631  3713  3773  3873  3989  4012  4139  4217  4324  4362  4477  4571  4651  4723  4801  4898  4984 
 60  72  102  211  322  398  487  509  654  731  765  883  952  1055  1128  1227  1324  1360  1477  1520  1655  1708  1820  1863  1945  2046  2148  2177  2322  2347  2488  2553  2602  2683  2786  2876  2979  3075  3154  3205  3315  3402  3431  3519  3582  3738  3817  3838  3922  4002  4155  4239  4262  4393  4472  4531  4649  4726  4812  4835  4952 
 60  58  130  237  304  399  479  574  657  694  783  858  992  1007  1160  1197  1310  1399  1489  1559  1595  1695  1803  1901  1959  2062  2106  2193  2323  2392  2451  2517  2652  2706  2770  2903  2973  3063  3090  3236  3259  3403  3476  3567  3594  3705  3818  3888  3966  4011  4156  4168  4312  4385  4485  4532  4608  4690  4820  4869  4959 
 60  73  149  171  323  406  455  563  658  711  818  907  969  993  1083  1202  1286  1326  1490  1537  1589  1678  1765  1882  1991  2056  2093  2217  2324  2385  2429  2563  2647  2739  2821  2898  2961  3036  3117  3222  3281  3346  3485  3540  3604  3739  3819  3879  3977  4068  4107  4183  4253  4338  4485  4551  4610  4684  4816  4902  4985 
 60  68  138  192  324  407  488  542  639  741  790  842  980  1035  1161  1224  1253  1410  1471  1515  1623  1685  1821  1867  1942  2050  2152  2198  2320  2403  2482  2507  2604  2671  2822  2860  2987  3049  3144  3237  3298  3404  3464  3570  3656  3667  3820  3902  3929  4069  4107  4215  4312  4347  4436  4499  4586  4677  4746  4875  4981 
 60  74  89  180  325  407  468  575  626  730  780  873  954  1066  1120  1244  1325  1393  1491  1569  1594  1682  1766  1902  1971  2002  2137  2185  2317  2342  2467  2574  2594  2735  2823  2897  2966  3076  3155  3212  3281  3403  3486  3571  3657  3691  3782  3899  3954  4063  4103  4170  4325  4352  4486  4572  4644  4696  4798  4862  4957 
 60  35  126  227  326  384  489  538  599  723  785  908  993  1040  1094  1245  1314  1411  1433  1570  1658  1704  1790  1897  1982  2073  2124  2215  2307  2337  2432  2575  2637  2731  2773  2853  2987  3077  3101  3238  3320  3341  3457  3563  3583  3740  3821  3903  3924  4061  4112  4230  4326  4358  4467  4573  4653  4737  4757  4903  4986 
 60  75  100  194  319  350  436  562  659  741  768  872  994  1013  1162  1246  1300  1401  1447  1570  1651  1738  1822  1866  1983  2018  2153  2167  2296  2356  2456  2512  2610  2718  2775  2904  2929  3070  3093  3171  3263  3405  3487  3529  3645  3741  3819  3880  3966  4003  4151  4233  4308  4401  4483  4540  4621  4716  4759  4877  4953 
 60  51  154  181  263  376  486  552  657  710  756  843  985  1046  1108  1170  1187  1373  1474  1571  1625  1739  1820  1852  1936  2026  2109  2206  2289  2404  2455  2501  2610  2668  2763  2890  2951  3032  3156  3225  3290  3359  3480  3562  3647  3742  3792  3887  3921  4048  4150  4240  4281  4352  4487  4568  4595  4731  4783  4904  4922 
 60  62  110  237  318  408  431  515  652  702  778  879  990  1032  1162  1226  1244  1412  1492  1506  1659  1740  1823  1869  1923  2066  2146  2202  2325  2390  2437  2548  2584  2724  2824  2899  2955  3074  3145  3238  3275  3366  3488  3566  3591  3702  3799  3904  3990  4070  4098  4176  4253  4394  4472  4561  4636  4738  4821  4893  4930 
 60  26  127  182  317  392  457  553  656  738  819  846  948  1033  1134  1201  1322  1383  1469  1569  1660  1672  1821  1886  1935  2057  2146  2168  2266  2399  2426  2500  2653  2737  2801  2885  2988  3072  3156  3193  3254  3345  3489  3521  3594  3681  3780  3905  3952  4071  4157  4190  4284  4406  4433  4546  4654  4717  4809  4905  4920 
 60  45  107  225  296  362  435  560  635  703  820  826  955  1066  1163  1181  1322  1350  1493  1526  1661  1680  1824  1885  1986  2001  2108  2223  2305  2349  2474  2575  2654  2706  2819  2884  2984  3056  3099  3189  3303  3404  3477  3572  3658  3739  3806  3880  3990  4010  4154  4232  4327  4332  4488  4539  4645  4732  4822  4906  4987 
 60  56  160  167  327  343  440  575  660  722  821  906  911  1007  1078  1218  1307  1413  1478  1507  1658  1712  1825  1874  1989  2033  2154  2240  2309  2383  2489  2556  2611  2702  2825  2883  2926  3044  3088  3239  3321  3384  3477  3516  3618  3743  3778  3849  3971  4019  4137  4212  4328  4406  4438  4510  4647  4670  4823  4847  4951 
 60  61  157  238  310  375  490  561  645  729  786  837  937  1056  1159  1160  1268  1377  1483  1567  1638  1731  1822  1903  1992  2064  2099  2241  2297  2383  2490  2557  2655  2723  2767  2871  2966  2999  3089  3210  3280  3406  3490  3573  3659  3742  3784  3886  3950  4066  4126  4241  4303  4334  4489  4533  4655  4687  4754  4857  4931 
 60  35  87  236  259  398  482  531  620  709  781  909  981  1068  1131  1210  1315  1414  1493  1533  1596  1741  1826  1904  1976  2052  2155  2193  2272  2405  2491  2550  2636  2739  2783  2899  2977  3078  3085  3240  3255  3407  3491  3502  3645  3730  3767  3854  3960  4072  4140  4171  4261  4407  4470  4520  4656  4739  4815  4898  4979 
 60  43  116  206  273  321  491  576  645  675  792  910  995  1031  1154  1212  1255  1333  1363  1569  1612  1726  1753  1899  1990  2010  2141  2238  2310  2402  2461  2513  2628  2726  2777  2905  2989  3029  3157  3241  3283  3401  3466  3563  3614  3738  3810  3846  3951  4064  4101  4214  4328  4396  4490  4548  4657  4730  4824  4901  4979 
 60  71  99  165  325  351  457  506  661  731  779  891  996  1016  1088  1215  1285  1411  1442  1560  1662  1742  1804  1887  1993  2074  2145  2214  2250  2406  2439  2543  2635  2677  2806  2891  2969  3064  3102  3201  3295  3408  3484  3565  3616  3722  3802  3865  3991  4068  4154  4242  4270  4408  4455  4564  4628  4680  4825  4888  4967 
 60  37  97  174  305  363  490  545  618  742  762  859  948  1064  1164  1247  1273  1368  1414  1572  1642  1735  1773  1905  1994  2075  2151  2192  2285  2374  2487  2561  2629  2740  2810  2906  2980  3076  3124  3182  3279  3387  3492  3551  3655  3666  3822  3881  3919  4031  4119  4219  4329  4344  4458  4566  4658  4740  4826  4865  4925 
 60  57  147  230  300  408  418  577  662  743  821  889  941  1073  1104  1238  1265  1281  1466  1573  1622  1667  1827  1863  1991  2025  2131  2242  2323  2365  2492  2519  2635  2704  2782  2887  2990  3045  3158  3189  3272  3385  3456  3574  3598  3671  3823  3905  3980  4073  4111  4243  4299  4409  4470  4559  4609  4724  4827  4894  4931 
 60  44  114  239  303  375  395  559  658  716  761  887  976  1001  1119  1166  1307  1340  1442  1573  1631  1715  1824  1843  1966  2016  2147  2227  2259  2401  2493  2544  2606  2714  2826  2861  2929  3079  3116  3173  3285  3365  3488  3526  3660  3682  3817  3906  3988  4072  4156  4213  4286  4354  4446  4574  4635  4741  4818  4846  4988 
 60  76  123  201  324  403  411  524  657  684  811  885  987  1074  1165  1244  1326  1409  1494  1574  1663  1743  1752  1841  1919  2076  2130  2240  2319  2370  2494  2532  2624  2719  2761  2888  2991  3065  3115  3233  3254  3409  3466  3519  3609  3744  3823  3894  3963  4055  4158  4191  4277  4408  4489  4530  4631  4673  4796  4865  4918 
 60  69  144  229  245  409  470  551  662  727  813  875  882  1051  1059  1230  1326  1344  1455  1457  1604  1700  1772  1902  1981  2015  2156  2229  2300  2360  2438  2516  2656  2694  2781  2858  2928  3017  3122  3169  3268  3344  3491  3509  3661  3683  3768  3839  3927  4067  4147  4200  4319  4370  4435  4568  4638  4712  4760  4895  4989 
 60  76  161  183  270  368  433  534  640  716  777  911  990  1067  1148  1192  1327  1378  1495  1560  1629  1725  1773  1906  1995  2058  2136  2241  2326  2366  2495  2542  2644  2681  2789  2907  2927  3040  3159  3217  3322  3398  3493  3524  3632  3689  3790  3890  3945  4010  4092  4182  4259  4409  4436  4504  4659  4700  4811  4889  4915 
 60  77  118  187  278  350  413  556  627  682  781  837  997  1058  1153  1236  1243  1406  1496  1574  1661  1719  1771  1890  1950  2044  2157  2171  2267  2364  2458  2502  2614  2738  2825  2908  2975  3054  3159  3174  3309  3410  3455  3567  3653  3725  3776  3900  3928  4074  4144  4238  4250  4353  4440  4575  4595  4730  4792  4903  4963 
 60  15  106  240  288  410  416  493  663  683  809  827  954  1067  1155  1221  1296  1384  1494  1568  1662  1720  1803  1903  1986  2037  2154  2198  2307  2407  2491  2576  2592  2734  2756  2909  2992  3013  3128  3235  3288  3343  3426  3568  3662  3729  3824  3853  3992  4020  4115  4243  4275  4354  4491  4506  4658  4716  4786  4907  4970 
 60  6  162  241  246  411  489  561  660  714  822  864  998  1029  1039  1080  1328  1376  1488  1557  1659  1727  1795  1907  1996  2072  2152  2173  2311  2365  2496  2571  2598  2726  2821  2910  2986  3003  3120  3242  3323  3388  3463  3542  3642  3734  3786  3907  3993  4040  4141  4188  4323  4360  4424  4513  4594  4693  4828  4869  4964 
 60  3  163  214  328  386  473  570  633  721  748  912  934  1044  1142  1248  1329  1345  1435  1533  1636  1695  1827  1908  1972  2046  2158  2175  2258  2408  2487  2577  2657  2733  2804  2854  2993  3072  3140  3229  3324  3364  3494  3532  3617  3700  3825  3884  3926  4052  4110  4228  4291  4336  4468  4530  4652  4721  4823  4908  4982 
 60  70  164  242  264  340  492  503  583  744  823  866  956  1075  1106  1190  1252  1350  1429  1561  1609  1743  1828  1899  1934  2058  2142  2190  2265  2405  2460  2555  2651  2741  2827  2875  2981  3036  3111  3219  3318  3411  3439  3574  3628  3697  3822  3864  3978  4070  4129  4200  4257  4410  4439  4514  4619  4692  4755  4903  4966 
 60  43  138  171  329  412  492  528  618  725  821  900  986  1076  1127  1241  1274  1407  1497  1544  1608  1744  1824  1901  1993  2077  2159  2184  2308  2409  2459  2525  2658  2687  2807  2882  2991  3078  3108  3217  3325  3360  3451  3534  3641  3724  3826  3859  3994  4037  4159  4224  4268  4333  4492  4565  4594  4714  4765  4904  4986 
 60  29  96  212  282  388  481  564  648  734  824  913  933  949  1149  1181  1305  1415  1478  1558  1602  1687  1792  1909  1920  2068  2131  2181  2326  2409  2481  2578  2590  2672  2828  2857  2994  3066  3160  3242  3274  3389  3495  3541  3662  3740  3755  3876  3995  4064  4145  4202  4298  4411  4493  4521  4652  4738  4779  4909  4937 
 60  14  132  209  272  402  493  566  658  701  810  849  923  1011  1114  1178  1264  1360  1461  1547  1659  1705  1816  1910  1969  2060  2111  2243  2327  2349  2486  2522  2659  2708  2799  2894  2988  3077  3140  3237  3262  3354  3453  3556  3598  3670  3774  3908  3956  4075  4159  4172  4322  4388  4463  4563  4624  4718  4803  4910  4949 
 60  78  143  226  330  353  445  557  663  745  815  897  985  1053  1117  1222  1328  1416  1470  1517  1632  1710  1777  1839  1945  2071  2158  2244  2291  2388  2469  2546  2648  2740  2829  2845  2957  3074  3127  3172  3261  3403  3469  3575  3609  3681  3798  3909  3996  4073  4132  4244  4261  4412  4478  4539  4639  4701  4775  4871  4933 
 60  79  128  243  304  365  494  516  609  730  805  859  941  1050  1135  1223  1304  1347  1487  1536  1640  1696  1799  1865  1952  2059  2153  2220  2289  2370  2443  2562  2658  2742  2811  2855  2989  3071  3085  3243  3326  3333  3422  3560  3630  3684  3815  3836  3991  4066  4147  4205  4292  4405  4494  4510  4600  4729  4795  4908  4990 
 60  67  128  235  328  333  488  558  664  735  825  848  999  1048  1165  1232  1324  1407  1492  1575  1648  1679  1826  1857  1947  2009  2115  2230  2275  2338  2497  2574  2600  2713  2813  2871  2937  3041  3086  3206  3307  3350  3468  3537  3587  3680  3794  3892  3945  4026  4160  4243  4316  4368  4495  4574  4628  4742  4822  4847  4991 
 60  56  132  227  260  366  459  565  653  741  770  851  919  1077  1129  1217  1330  1346  1443  1503  1626  1725  1767  1834  1960  2048  2160  2196  2314  2410  2450  2551  2593  2743  2812  2858  2992  3011  3161  3244  3327  3408  3471  3576  3603  3668  3822  3893  3916  4007  4094  4220  4286  4405  4486  4534  4660  4690  4804  4878  4992 
 60  28  160  244  255  383  483  570  656  727  753  895  975  1047  1079  1235  1321  1323  1448  1555  1601  1739  1774  1847  1991  2060  2087  2244  2282  2411  2422  2574  2616  2679  2826  2867  2932  3000  3121  3245  3304  3348  3418  3558  3655  3745  3808  3910  3938  4032  4142  4237  4330  4374  4425  4543  4630  4737  4829  4890  4955 
 60  73  121  202  322  389  462  578  659  678  814  888  959  1078  1095  1224  1288  1365  1394  1576  1611  1703  1828  1853  1975  2001  2155  2245  2317  2389  2494  2566  2612  2730  2754  2906  2932  3026  3125  3246  3269  3374  3434  3550  3648  3711  3796  3900  3946  4071  4161  4230  4324  4349  4471  4527  4618  4666  4781  4899  4991 
 60  64  146  213  331  377  452  557  665  686  826  914  943  1079  1166  1247  1331  1399  1495  1554  1608  1740  1829  1900  1930  2078  2152  2221  2328  2380  2491  2503  2609  2676  2802  2888  2916  3017  3162  3180  3318  3402  3496  3577  3663  3732  3803  3911  3942  4024  4110  4218  4287  4339  4451  4501  4653  4689  4773  4852  4991 
 60  25  131  245  284  341  495  574  597  689  784  856  988  1028  1158  1164  1330  1417  1436  1504  1651  1745  1814  1910  1961  2078  2105  2225  2316  2341  2453  2501  2660  2710  2820  2886  2921  3060  3163  3221  3302  3340  3455  3502  3602  3690  3789  3858  3978  4058  4093  4208  4331  4365  4471  4550  4641  4697  4784  4906  4950 
 60  53  135  217  267  403  480  512  628  743  749  910  975  1062  1140  1201  1267  1398  1480  1535  1621  1711  1797  1911  1997  2079  2126  2230  2329  2392  2435  2514  2588  2720  2784  2907  2994  3032  3153  3168  3294  3399  3491  3557  3625  3693  3817  3885  3992  4062  4126  4238  4301  4360  4451  4551  4661  4667  4789  4880  4982 
 60  59  165  207  257  349  490  567  655  746  785  915  1000  1076  1167  1249  1263  1388  1482  1522  1649  1734  1798  1889  1988  2079  2155  2237  2330  2371  2498  2519  2601  2732  2820  2868  2967  3009  3131  3178  3317  3348  3417  3578  3589  3708  3790  3901  3996  4049  4094  4179  4284  4364  4485  4545  4662  4686  4830  4862  4962 
 60  13  163  246  299  359  443  533  623  670  827  884  1001  1073  1136  1247  1332  1379  1457  1563  1591  1697  1756  1904  1997  2009  2161  2168  2322  2384  2464  2567  2618  2696  2751  2863  2967  3077  3163  3234  3257  3379  3481  3555  3650  3684  3814  3912  3981  4074  4153  4242  4332  4380  4481  4572  4648  4704  4772  4911  4993 
 60  48  122  247  277  357  496  550  651  742  765  844  1002  1057  1163  1219  1248  1358  1391  1553  1644  1741  1802  1873  1995  2078  2107  2245  2312  2412  2442  2579  2661  2729  2791  2848  2962  3035  3108  3237  3271  3342  3461  3569  3628  3683  3785  3889  3937  4076  4153  4206  4309  4366  4486  4562  4661  4728  4825  4879  4935 
 60  29  141  238  316  335  454  526  607  699  828  873  957  1005  1047  1082  1314  1410  1416  1525  1646  1738  1817  1907  1987  2016  2135  2170  2325  2350  2425  2540  2662  2707  2809  2856  2925  3022  3143  3247  3306  3411  3484  3507  3634  3715  3788  3885  3959  4074  4131  4193  4288  4400  4422  4505  4620  4708  4752  4891  4945 
 60  44  151  219  275  388  429  519  614  718  814  903  982  1080  1146  1218  1260  1378  1465  1543  1654  1671  1771  1834  1987  2080  2100  2195  2269  2373  2467  2569  2655  2721  2815  2911  2949  3080  3133  3202  3328  3390  3473  3544  3637  3728  3815  3912  3989  4077  4106  4228  4316  4344  4496  4576  4654  4710  4757  4912  4989 
 60  79  92  245  299  413  429  505  628  723  754  897  978  1076  1168  1204  1301  1412  1471  1577  1615  1726  1808  1894  1932  2072  2102  2234  2292  2394  2489  2553  2623  2686  2830  2857  2995  3056  3149  3247  3311  3408  3435  3556  3644  3746  3812  3905  3997  4038  4162  4245  4264  4413  4457  4523  4612  4711  4829  4900  4928 
 60  77  166  248  301  382  452  553  634  706  829  877  993  1036  1098  1188  1310  1347  1498  1545  1663  1693  1780  1905  1924  2022  2084  2231  2310  2362  2456  2557  2663  2694  2799  2862  2942  3044  3154  3208  3288  3397  3478  3514  3617  3719  3827  3845  3946  4026  4163  4186  4330  4397  4432  4577  4639  4708  4787  4860  4969 
 60  40  107  249  264  338  456  571  636  736  830  838  940  1031  1097  1234  1262  1353  1480  1545  1633  1746  1807  1883  1988  2067  2109  2239  2306  2388  2446  2572  2599  2743  2828  2903  2969  3042  3129  3202  3305  3409  3457  3529  3659  3699  3826  3853  3936  4078  4100  4174  4258  4406  4480  4523  4607  4734  4788  4910  4930 
 60  64  85  250  314  379  497  572  609  747  824  916  959  1039  1099  1190  1333  1418  1490  1564  1664  1710  1802  1886  1947  2011  2159  2226  2297  2359  2466  2580  2597  2744  2753  2887  2996  3024  3129  3187  3321  3412  3497  3518  3592  3726  3793  3913  3953  4013  4158  4194  4307  4414  4497  4573  4603  4705  4829  4887  4934 
 60  34  100  241  263  381  492  559  661  687  776  871  909  1081  1148  1250  1280  1419  1491  1574  1618  1735  1830  1896  1960  2065  2113  2205  2316  2343  2498  2579  2663  2745  2830  2912  2985  3051  3123  3235  3299  3381  3482  3516  3619  3745  3805  3835  3998  4056  4087  4178  4303  4412  4482  4578  4651  4683  4831  4849  4961 
 60  38  83  175  307  345  442  579  613  704  808  914  928  1058  1062  1189  1233  1420  1482  1528  1652  1680  1827  1888  1938  2077  2150  2222  2298  2411  2494  2547  2664  2678  2831  2911  2961  3005  3164  3215  3326  3401  3495  3562  3650  3670  3807  3903  3940  4016  4140  4195  4257  4413  4449  4536  4611  4743  4825  4836  4994 
 60  48  149  241  295  399  483  543  663  707  771  845  962  966  1102  1240  1249  1359  1443  1564  1594  1676  1791  1912  1942  2039  2156  2233  2322  2380  2448  2513  2600  2742  2771  2889  2940  3080  3152  3233  3308  3363  3489  3579  3635  3690  3828  3884  3997  4072  4164  4221  4326  4410  4474  4579  4615  4735  4821  4896  4975 
 60  47  162  182  293  371  464  532  613  748  788  861  1003  1059  1112  1251  1334  1380  1498  1578  1664  1714  1791  1895  1943  2048  2100  2228  2312  2337  2452  2512  2649  2669  2793  2913  2931  3002  3165  3246  3284  3353  3498  3553  3664  3736  3799  3906  3976  4068  4155  4184  4287  4412  4440  4515  4641  4699  4811  4909  4995 
 60  58  118  176  325  377  489  525  583  749  757  844  999  1011  1169  1173  1259  1370  1408  1549  1645  1691  1807  1912  1981  2024  2149  2178  2331  2346  2427  2581  2583  2690  2798  2866  2983  3069  3158  3195  3329  3360  3449  3551  3636  3711  3825  3860  3995  4016  4146  4207  4311  4414  4498  4541  4662  4744  4753  4870  4983 
 60  3  134  187  288  376  450  563  585  738  759  876  996  1077  1118  1249  1328  1391  1495  1575  1622  1747  1799  1913  1998  2027  2097  2212  2298  2413  2436  2558  2640  2746  2790  2914  2997  3030  3143  3213  3297  3391  3482  3557  3629  3730  3826  3870  3930  4053  4136  4245  4328  4371  4496  4580  4643  4682  4779  4851  4966 
 60  49  164  203  330  334  472  502  666  693  824  911  955  1030  1101  1210  1308  1397  1489  1520  1656  1714  1759  1852  1968  2031  2132  2231  2280  2403  2499  2552  2664  2713  2821  2914  2972  3051  3138  3195  3320  3406  3479  3555  3605  3731  3769  3863  3984  4057  4157  4210  4283  4345  4419  4566  4589  4681  4797  4913  4984 
 60  60  145  179  331  370  427  511  625  722  800  862  979  1061  1124  1153  1209  1361  1499  1561  1613  1668  1763  1901  1953  2071  2140  2210  2259  2396  2476  2581  2663  2719  2818  2913  2928  3052  3142  3197  3304  3413  3474  3554  3613  3746  3829  3914  3935  4015  4112  4246  4324  4407  4499  4531  4663  4742  4784  4854  4972 
 60  42  114  177  293  353  496  515  620  735  792  906  991  1014  1111  1252  1330  1387  1462  1579  1643  1748  1779  1897  1940  2040  2106  2206  2254  2351  2477  2540  2591  2728  2794  2900  2942  3081  3158  3192  3313  3388  3436  3525  3630  3695  3819  3840  3994  4079  4086  4174  4282  4408  4482  4579  4632  4720  4817  4861  4962 
 60  80  125  178  305  390  498  578  593  734  803  917  965  1065  1166  1227  1329  1420  1493  1514  1588  1737  1754  1864  1939  2081  2154  2246  2330  2352  2428  2537  2613  2682  2780  2870  2987  3037  3157  3224  3249  3383  3493  3571  3653  3741  3763  3862  3955  4073  4135  4167  4294  4362  4447  4579  4661  4745  4760  4884  4996 
 60  78  156  174  209  394  426  577  612  721  831  894  951  1055  1122  1209  1246  1335  1409  1536  1585  1666  1811  1836  1955  2074  2150  2180  2315  2400  2490  2571  2646  2747  2789  2890  2926  3069  3119  3223  3310  3365  3459  3578  3605  3747  3748  3875  3983  4038  4160  4232  4260  4403  4434  4572  4657  4738  4789  4881  4986 
 60  70  119  199  308  401  497  577  608  710  763  868  918  1017  1061  1134  1260  1325  1390  1518  1648  1704  1825  1859  1946  2075  2110  2241  2299  2369  2488  2551  2648  2724  2750  2839  2965  3018  3097  3241  3291  3391  3430  3558  3658  3699  3795  3856  3987  4034  4093  4233  4296  4404  4492  4556  4617  4686  4820  4899  4985 
 60  4  167  243  282  391  451  525  604  707  829  905  1004  1041  1124  1219  1241  1404  1437  1534  1624  1736  1768  1896  1966  2073  2097  2187  2329  2386  2440  2572  2621  2741  2757  2877  2956  3029  3110  3244  3253  3380  3485  3527  3639  3727  3787  3854  3999  4045  4141  4223  4320  4381  4497  4547  4624  4719  4778  4871  4950 
 60  14  161  233  309  340  499  569  634  715  832  912  992  1082  1149  1253  1274  1317  1479  1534  1581  1733  1829  1894  1925  2079  2133  2212  2304  2407  2466  2537  2618  2729  2826  2889  2953  3042  3132  3239  3329  3406  3470  3539  3664  3735  3809  3855  3993  4007  4161  4177  4327  4401  4453  4525  4654  4739  4806  4902  4960 
 60  9  163  217  318  414  495  573  601  732  791  866  949  1083  1170  1236  1299  1394  1486  1531  1626  1738  1831  1856  1976  2063  2141  2203  2301  2414  2486  2575  2586  2712  2790  2892  2968  3055  3096  3203  3311  3343  3496  3580  3651  3707  3756  3913  3923  4027  4163  4247  4295  4415  4427  4569  4650  4741  4813  4890  4989 
 60  81  86  166  284  411  482  580  610  720  787  902  1005  1048  1133  1191  1308  1364  1441  1502  1607  1723  1825  1844  1955  2006  2128  2239  2320  2355  2443  2578  2591  2748  2797  2904  2993  3082  3157  3220  3328  3366  3489  3568  3651  3678  3807  3909  3917  4043  4139  4187  4280  4340  4444  4515  4644  4705  4766  4911  4987 
 60  8  144  193  256  415  500  528  637  747  817  908  1006  1084  1109  1222  1319  1405  1472  1579  1605  1708  1755  1833  1995  2052  2162  2179  2327  2343  2492  2576  2665  2703  2831  2863  2964  3015  3155  3227  3329  3399  3480  3576  3665  3672  3813  3869  3986  4042  4156  4227  4264  4404  4448  4561  4615  4722  4810  4909  4955 
 60  72  84  204  283  407  467  504  638  674  755  869  998  1060  1086  1194  1297  1405  1452  1580  1628  1732  1829  1909  1929  2075  2094  2211  2323  2412  2431  2580  2646  2696  2776  2902  2997  3046  3116  3188  3294  3411  3498  3512  3644  3744  3827  3904  3970  4071  4117  4209  4271  4369  4491  4537  4640  4743  4808  4914  4996 
 60  47  140  243  268  374  465  571  610  688  751  918  958  1071  1143  1231  1286  1415  1434  1571  1663  1701  1811  1904  1990  2041  2091  2246  2325  2391  2493  2506  2626  2667  2756  2893  2960  3014  3137  3219  3327  3414  3487  3535  3586  3733  3784  3843  3938  4037  4123  4234  4323  4416  4462  4504  4601  4727  4814  4864  4997 
 60  54  115  186  332  412  484  511  650  733  777  869  996  1085  1156  1254  1278  1287  1468  1556  1655  1721  1831  1914  1989  2076  2163  2247  2327  2382  2490  2573  2623  2674  2778  2895  2986  3068  3141  3221  3271  3410  3475  3536  3663  3698  3811  3887  3996  4077  4105  4177  4266  4414  4477  4503  4589  4746  4831  4908  4988 
 60  16  88  220  291  356  420  540  667  750  807  907  953  1012  1139  1207  1334  1352  1464  1501  1600  1681  1826  1862  1983  2082  2164  2194  2257  2367  2470  2522  2628  2731  2765  2882  2959  3063  3127  3197  3323  3400  3445  3580  3654  3747  3823  3874  3941  4053  4149  4222  4309  4398  4497  4503  4583  4697  4794  4868  4993 
 60  13  146  233  276  406  480  519  600  695  802  871  940  1041  1112  1231  1335  1406  1500  1553  1645  1748  1789  1860  1998  2063  2142  2248  2319  2406  2485  2565  2619  2668  2760  2880  2958  3076  3105  3196  3277  3352  3474  3545  3661  3703  3806  3851  3964  4080  4165  4241  4292  4350  4469  4521  4636  4679  4801  4901  4974 
 60  60  117  239  279  416  488  550  622  740  819  850  961  1070  1171  1255  1279  1346  1446  1559  1657  1716  1786  1848  1996  2056  2095  2243  2330  2409  2418  2569  2603  2698  2755  2884  2952  3048  3135  3245  3286  3358  3483  3577  3661  3748  3771  3882  3973  4048  4099  4236  4279  4376  4479  4508  4656  4747  4831  4853  4983 
 60  51  112  202  296  333  443  541  650  726  829  904  984  1025  1167  1251  1329  1367  1463  1500  1654  1709  1750  1892  1918  2005  2114  2229  2288  2412  2484  2530  2659  2745  2825  2881  2919  3022  3160  3245  3261  3339  3431  3559  3593  3704  3773  3914  3920  4059  4158  4245  4275  4373  4500  4534  4607  4681  4794  4915  4964 
 60  63  168  247  308  409  430  581  661  696  796  825  938  1086  1140  1211  1318  1372  1487  1543  1627  1739  1777  1914  1973  2070  2139  2224  2324  2377  2473  2552  2659  2743  2803  2909  2993  3073  3165  3207  3323  3383  3492  3501  3657  3743  3821  3858  3923  4081  4111  4186  4288  4413  4479  4581  4633  4675  4815  4861  4948 
 60  81  133  231  306  347  491  520  604  681  799  842  963  1063  1155  1256  1334  1387  1454  1550  1661  1734  1789  1892  1937  2029  2165  2246  2293  2387  2469  2526  2625  2722  2801  2903  2994  3083  3091  3190  3321  3336  3424  3579  3647  3685  3830  3859  3944  4057  4087  4209  4304  4367  4423  4514  4626  4710  4752  4833  4949 
 60  79  154  234  315  334  441  582  632  678  831  915  1002  1033  1130  1173  1336  1389  1462  1581  1631  1706  1794  1855  1978  2077  2151  2221  2332  2375  2423  2534  2654  2736  2827  2910  2945  3014  3090  3241  3324  3400  3497  3570  3611  3677  3754  3882  3980  4081  4164  4244  4319  4383  4495  4563  4655  4722  4799  4907  4973 
 60  4  111  214  313  363  433  572  606  700  816  903  961  1087  1143  1185  1276  1348  1433  1578  1665  1698  1816  1885  1971  2067  2153  2217  2270  2397  2478  2566  2656  2704  2806  2914  2995  3058  3123  3198  3266  3373  3448  3580  3620  3709  3831  3911  3964  4029  4109  4185  4302  4384  4481  4552  4629  4746  4805  4884  4992 
 60  2  92  210  320  405  497  514  646  673  769  848  1007  1070  1145  1246  1320  1420  1496  1532  1637  1749  1831  1893  1929  2080  2104  2249  2318  2363  2470  2576  2625  2679  2797  2859  2962  3073  3122  3183  3317  3370  3425  3564  3652  3739  3832  3914  3934  4006  4129  4175  4283  4416  4430  4571  4653  4667  4826  4856  4944 
 60  0  90  242  319  406  441  498  621  740  833  860  942  1029  1161  1214  1266  1395  1439  1546  1634  1744  1781  1881  1941  2069  2164  2226  2267  2408  2475  2548  2645  2708  2830  2873  2949  3010  3163  3185  3303  3377  3427  3581  3616  3696  3759  3906  3992  4044  4166  4180  4329  4364  4449  4580  4625  4725  4753  4895  4958 
 60  77  125  251  327  396  477  544  595  736  834  916  1008  1035  1172  1178  1315  1402  1437  1572  1641  1724  1776  1876  1970  2018  2098  2235  2281  2414  2476  2570  2662  2727  2762  2843  2951  3008  3153  3232  3313  3395  3494  3565  3607  3709  3753  3899  3948  4049  4121  4236  4293  4335  4500  4549  4614  4729  4790  4889  4971 
 60  59  103  239  262  417  442  565  662  714  759  834  905  992  1132  1245  1324  1337  1485  1579  1660  1689  1782  1849  1962  2028  2134  2174  2321  2342  2465  2532  2647  2718  2779  2849  2978  3038  3137  3184  3330  3335  3481  3507  3646  3678  3803  3848  3972  4076  4120  4244  4333  4411  4447  4581  4629  4702  4771  4880  4998 
 60  34  106  248  271  414  494  521  584  724  835  894  947  1084  1141  1193  1337  1369  1479  1544  1586  1698  1796  1912  1967  2007  2121  2238  2292  2408  2495  2568  2660  2744  2816  2841  2988  3059  3150  3238  3331  3379  3495  3559  3666  3736  3792  3842  3987  4032  4138  4201  4320  4339  4446  4519  4638  4715  4785  4912  4996 
 60  45  145  211  278  418  500  558  597  744  810  861  971  987  1092  1230  1272  1408  1452  1511  1621  1687  1758  1872  1938  2039  2117  2173  2264  2393  2441  2560  2657  2670  2832  2904  2998  3079  3112  3234  3287  3395  3483  3520  3659  3737  3820  3898  3998  4081  4089  4206  4266  4400  4487  4580  4623  4739  4791  4834  4990 
 60  17  112  218  262  419  428  580  611  665  830  845  971  1086  1131  1225  1317  1411  1430  1529  1634  1684  1832  1837  1916  2045  2143  2242  2331  2339  2445  2561  2598  2685  2833  2900  2999  3083  3130  3248  3276  3414  3435  3571  3632  3701  3824  3869  3971  4050  4098  4179  4289  4379  4442  4578  4606  4736  4772  4860  4999 
 60  19  150  246  329  387  478  530  649  751  808  839  925  1082  1145  1235  1305  1413  1417  1551  1644  1742  1821  1902  1948  2020  2162  2176  2314  2415  2447  2514  2642  2699  2805  2854  2997  3079  3151  3187  3316  3413  3490  3582  3599  3741  3801  3895  3989  4056  4165  4248  4329  4409  4442  4545  4657  4744  4832  4896  4998 
 60  54  136  216  312  420  477  566  624  691  822  886  968  1023  1097  1255  1266  1298  1497  1575  1590  1748  1768  1906  1982  2035  2156  2249  2277  2340  2471  2536  2634  2749  2776  2851  2983  3070  3162  3248  3251  3407  3437  3521  3618  3712  3831  3868  3919  4076  4103  4227  4301  4395  4425  4575  4635  4748  4813  4878  4987 
 60  66  124  195  309  367  458  535  629  724  780  851  984  1018  1157  1205  1323  1374  1435  1577  1647  1702  1758  1839  1926  2045  2115  2195  2308  2415  2431  2554  2656  2748  2827  2906  2956  3013  3088  3228  3326  3386  3420  3583  3596  3726  3832  3915  3952  4051  4091  4198  4279  4394  4490  4501  4662  4725  4754  4881  4975 
 60  10  153  188  250  413  449  575  641  697  775  881  976  1021  1151  1174  1242  1376  1473  1582  1597  1744  1788  1879  1970  2042  2116  2178  2302  2403  2441  2582  2655  2739  2800  2905  2970  3040  3154  3169  3263  3375  3434  3549  3639  3747  3816  3848  3981  4058  4138  4246  4318  4392  4445  4536  4634  4732  4780  4907  4945 
 60  75  95  205  277  384  486  568  644  729  801  880  927  1071  1111  1243  1298  1393  1481  1580  1620  1747  1752  1908  1994  2031  2145  2208  2318  2415  2453  2560  2596  2693  2779  2875  2944  3062  3150  3239  3299  3415  3475  3576  3593  3746  3781  3862  3965  4041  4166  4214  4314  4390  4434  4544  4659  4747  4821  4885  4923 
 60  74  166  224  330  373  386  568  588  743  773  919  952  1037  1138  1223  1332  1400  1451  1511  1596  1743  1809  1913  1977  2044  2163  2232  2290  2399  2485  2509  2661  2707  2757  2865  2918  3053  3131  3232  3331  3351  3452  3581  3606  3692  3761  3861  3983  4078  4159  4246  4278  4402  4491  4528  4664  4744  4805  4883  4965 
 60  73  157  200  267  346  445  547  649  709  767  835  1009  1088  1133  1200  1282  1404  1454  1508  1588  1706  1788  1891  1969  2032  2157  2225  2311  2378  2457  2579  2653  2749  2823  2913  2964  3075  3148  3236  3332  3378  3428  3503  3654  3698  3812  3896  3973  4082  4145  4247  4311  4357  4474  4576  4617  4749  4823  4851  4990 
 60  1  162  225  321  401  453  542  617  742  802  877  913  1072  1119  1200  1301  1367  1469  1516  1617  1746  1801  1913  1974  2070  2165  2182  2303  2372  2417  2536  2622  2735  2824  2907  2990  3055  3146  3243  3302  3370  3494  3513  3665  3735  3833  3910  3968  4079  4132  4189  4254  4343  4483  4582  4627  4670  4812  4872  4993 
 60  27  158  232  323  393  421  522  660  681  830  870  972  1034  1136  1211  1338  1389  1467  1567  1665  1745  1793  1840  1994  2076  2144  2209  2299  2405  2463  2581  2595  2689  2759  2859  2973  3057  3160  3172  3322  3412  3499  3577  3649  3716  3800  3908  3932  4069  4152  4176  4333  4392  4462  4574  4664  4749  4790  4916  4929 
 60  82  155  180  333  364  498  569  589  708  747  895  997  1078  1123  1204  1339  1342  1484  1566  1646  1740  1815  1915  1935  2082  2090  2172  2331  2335  2454  2539  2651  2740  2768  2909  2985  3075  3142  3228  3320  3385  3458  3500  3642  3748  3791  3851  3932  4012  4163  4205  4317  4380  4489  4528  4660  4712  4830  4912  4976 
 60  63  108  208  307  418  460  562  598  697  832  874  950  1009  1108  1175  1273  1382  1431  1529  1604  1722  1787  1873  1957  2047  2137  2249  2269  2410  2480  2546  2642  2715  2774  2895  2927  3081  3087  3224  3282  3336  3444  3546  3646  3672  3827  3843  3962  4045  4164  4191  4295  4407  4466  4570  4664  4734  4774  4913  4999 
 60  81  148  247  260  414  446  554  616  693  774  917  989  1050  1123  1208  1258  1359  1490  1524  1624  1719  1822  1900  1963  2049  2122  2186  2302  2354  2484  2510  2662  2717  2818  2868  2998  3001  3107  3191  3330  3409  3498  3574  3665  3749  3832  3902  3975  4030  4160  4185  4315  4383  4498  4570  4658  4674  4756  4904  4977 
 60  36  160  170  312  417  448  501  587  712  820  920  1000  1045  1164  1233  1325  1416  1494  1576  1598  1702  1750  1842  1979  2000  2159  2188  2278  2393  2446  2528  2641  2697  2824  2910  2917  3047  3166  3190  3327  3376  3485  3554  3623  3721  3785  3836  3974  4069  4157  4196  4317  4384  4456  4571  4593  4671  4774  4839  4932 
 60  78  116  251  298  359  487  583  667  696  804  846  1010  1087  1100  1248  1294  1355  1446  1570  1639  1722  1823  1889  1936  2014  2119  2242  2275  2411  2472  2530  2629  2749  2800  2840  2978  3039  3146  3231  3265  3394  3493  3570  3595  3725  3791  3865  3975  4047  4108  4196  4331  4381  4437  4542  4618  4733  4832  4852  4961 
 60  10  143  249  317  369  494  518  647  711  836  875  930  1056  1144  1250  1338  1396  1481  1539  1630  1741  1805  1868  1948  2081  2134  2190  2257  2366  2478  2577  2608  2748  2785  2833  2976  3052  3152  3230  3253  3416  3497  3526  3603  3723  3764  3907  3990  4028  4143  4239  4278  4367  4466  4542  4601  4713  4820  4863  4919 
 60  26  151  186  280  385  479  503  623  703  825  857  1008  1018  1122  1240  1277  1366  1496  1566  1597  1750  1812  1878  1975  2054  2126  2183  2293  2401  2440  2543  2634  2700  2829  2880  2989  3065  3149  3231  3325  3416  3442  3543  3643  3749  3829  3889  3939  4082  4120  4178  4256  4402  4458  4573  4650  4727  4819  4858  4917 
 60  65  104  200  327  397  493  552  615  739  806  855  973  1005  1167  1193  1202  1348  1498  1523  1647  1747  1828  1835  1993  2040  2136  2219  2328  2416  2479  2559  2665  2682  2805  2915  2963  3001  3133  3188  3333  3368  3487  3538  3643  3673  3797  3875  3931  4011  4118  4188  4289  4415  4478  4557  4625  4688  4762  4841  4943 
 60  80  122  244  266  379  432  580  619  719  818  884  1010  1016  1157  1232  1336  1419  1447  1576  1630  1671  1833  1911  1932  2004  2086  2247  2309  2364  2444  2582  2650  2711  2803  2841  2947  3067  3132  3214  3284  3402  3440  3513  3658  3685  3831  3897  3943  4067  4149  4247  4251  4389  4417  4559  4600  4720  4830  4915  4941 
 60  53  153  191  259  410  438  582  633  691  818  904  956  989  1158  1183  1302  1392  1453  1580  1613  1742  1793  1857  1954  2081  2095  2213  2262  2394  2496  2583  2631  2747  2815  2916  2971  3007  3165  3205  3325  3371  3429  3573  3624  3703  3818  3898  3982  4078  4097  4170  4327  4399  4490  4569  4660  4740  4775  4875  4988 
 60  5  108  248  316  362  459  582  664  733  798  882  1010  1026  1114  1177  1339  1366  1476  1555  1641  1718  1749  1903  1985  2034  2125  2214  2324  2400  2489  2547  2665  2732  2811  2886  2946  3053  3151  3213  3305  3342  3464  3525  3641  3688  3766  3911  3993  4080  4155  4235  4276  4386  4493  4578  4659  4735  4824  4905  4919 
 60  83  158  199  258  389  470  576  631  720  757  853  986  1089  1156  1256  1337  1396  1489  1527  1633  1730  1781  1907  1956  2013  2160  2189  2301  2395  2500  2541  2632  2710  2817  2850  2999  3015  3136  3204  3332  3393  3488  3583  3590  3722  3820  3850  3967  4019  4109  4175  4325  4374  4459  4544  4656  4745  4827  4859  4995 
 60  25  139  222  290  417  484  508  612  699  799  838  967  1052  1151  1228  1292  1342  1444  1568  1649  1696  1780  1908  1992  2047  2128  2248  2260  2360  2474  2515  2607  2698  2788  2897  2975  3039  3101  3168  3287  3378  3476  3552  3648  3712  3814  3910  3967  4054  4092  4248  4310  4391  4427  4556  4663  4724  4826  4866  4992 
 60  52  121  229  324  349  424  502  665  750  828  920  951  1085  1107  1184  1339  1390  1425  1524  1620  1711  1784  1891  1998  2059  2165  2196  2290  2414  2497  2556  2607  2675  2777  2891  2931  3043  3135  3242  3255  3381  3467  3564  3657  3729  3816  3895  3985  4070  4116  4203  4332  4356  4433  4555  4592  4737  4827  4879  4994 
 60  39  115  234  261  369  453  514  605  752  827  901  982  1087  1162  1198  1303  1372  1470  1573  1640  1737  1818  1871  1944  2049  2085  2243  2266  2353  2458  2545  2627  2691  2810  2915  2979  3078  3139  3222  3306  3415  3433  3581  3588  3669  3818  3903  3979  4082  4162  4201  4276  4403  4473  4543  4619  4673  4828  4906  4916 
 60  82  111  240  283  408  491  539  648  689  797  914  994  1090  1173  1186  1316  1344  1488  1551  1595  1670  1820  1893  1925  2022  2123  2175  2282  2384  2424  2555  2666  2738  2832  2846  2941  3080  3166  3175  3314  3404  3492  3537  3627  3723  3797  3913  3963  4060  4133  4241  4268  4387  4484  4522  4613  4747  4817  4858  4971 
 60  76  126  235  287  393  426  578  651  704  823  901  973  1090  1118  1239  1280  1403  1448  1565  1625  1675  1823  1898  1921  2003  2143  2191  2251  2348  2496  2535  2643  2733  2770  2873  2996  3048  3113  3240  3285  3353  3471  3512  3636  3715  3828  3915  3974  4079  4148  4224  4306  4382  4494  4533  4621  4680  4807  4913  4985 
 60  11  105  230  310  419  481  579  600  700  754  892  983  1088  1128  1253  1275  1382  1484  1552  1590  1720  1830  1843  1958  2062  2160  2210  2273  2389  2495  2538  2654  2741  2772  2915  3000  3060  3156  3211  3312  3339  3440  3518  3607  3737  3830  3907  3968  4077  4131  4249  4267  4382  4468  4565  4633  4728  4798  4910  4953 
 60  80  141  173  300  400  423  532  637  683  826  909  936  1020  1110  1165  1313  1351  1486  1572  1591  1746  1812  1880  1999  2068  2089  2218  2256  2359  2483  2549  2657  2683  2771  2905  2952  3064  3147  3166  3282  3398  3460  3578  3656  3750  3780  3883  3924  4054  4161  4226  4330  4353  4439  4583  4665  4736  4828  4893  4994 
 60  30  142  210  253  400  499  533  642  690  815  902  977  1090  1094  1180  1271  1398  1472  1583  1656  1728  1760  1869  1979  2011  2148  2224  2328  2385  2493  2568  2614  2705  2795  2912  2998  3062  3125  3244  3272  3382  3444  3536  3638  3714  3824  3908  3995  4083  4162  4189  4318  4395  4488  4520  4640  4698  4824  4855  4998 
 60  55  87  215  334  402  495  579  626  698  811  921  995  1081  1113  1256  1335  1365  1460  1510  1662  1713  1784  1854  1977  2012  2149  2199  2333  2350  2462  2558  2652  2716  2832  2901  2938  3034  3098  3208  3328  3387  3447  3552  3663  3743  3813  3877  3965  4000  4151  4202  4290  4410  4494  4557  4665  4731  4822  4868  4934 
 60  12  152  240  329  419  476  573  664  672  833  885  981  1013  1091  1216  1333  1381  1422  1583  1618  1693  1783  1915  1997  2053  2094  2245  2305  2406  2430  2523  2583  2746  2831  2874  2990  3019  3141  3229  3301  3415  3425  3509  3666  3740  3828  3897  3984  4047  4144  4222  4272  4337  4452  4567  4663  4702  4777  4883  4942 
 60  65  168  183  331  339  447  537  659  746  822  910  1004  1075  1169  1183  1237  1414  1483  1542  1636  1730  1832  1909  1927  2029  2123  2200  2256  2404  2499  2539  2660  2674  2807  2869  2955  3030  3161  3249  3319  3357  3422  3547  3586  3682  3809  3912  3986  4021  4104  4203  4293  4342  4426  4577  4645  4749  4770  4900  4997 
 60  74  139  236  275  405  461  529  593  739  786  853  1003  1073  1150  1237  1300  1357  1450  1557  1660  1723  1805  1911  1957  2033  2157  2244  2258  2390  2462  2526  2627  2746  2828  2898  2968  3059  3162  3178  3283  3414  3499  3561  3587  3686  3802  3890  3961  4075  4146  4231  4255  4387  4419  4535  4585  4743  4800  4885  4999 
 60  33  155  189  276  357  444  544  653  745  820  888  931  1019  1126  1214  1258  1417  1499  1548  1629  1681  1757  1877  1943  2038  2166  2247  2254  2336  2492  2521  2632  2666  2804  2896  2991  3004  3130  3247  3250  3412  3417  3566  3638  3687  3758  3886  3998  4065  4114  4242  4297  4346  4495  4575  4646  4741  4819  4902  4978 
 60  16  89  212  326  409  501  524  646  680  806  912  939  1065  1093  1254  1327  1418  1456  1571  1617  1669  1832  1910  1924  2003  2129  2233  2313  2376  2483  2582  2658  2701  2802  2908  2971  3011  3103  3227  3266  3356  3443  3528  3621  3738  3798  3904  3933  4059  4130  4199  4273  4385  4444  4553  4632  4742  4800  4905  4995 
 60  68  113  193  302  380  450  581  654  701  816  893  960  1069  1168  1175  1285  1386  1426  1510  1653  1674  1830  1841  1968  2066  2107  2188  2326  2367  2449  2573  2666  2742  2753  2902  2982  3021  3086  3236  3316  3397  3429  3572  3664  3742  3782  3846  3916  4062  4125  4167  4263  4338  4435  4529  4620  4733  4793  4911  4974 
 60  69  84  224  323  397  496  564  608  728  832  854  994  1069  1152  1254  1295  1362  1475  1562  1664  1718  1776  1916  1926  2038  2161  2213  2278  2413  2427  2499  2652  2720  2822  2847  2992  3000  3164  3182  3289  3413  3496  3575  3631  3702  3786  3901  3988  4044  4083  4226  4326  4416  4487  4576  4604  4719  4795  4888  4947 
 60  67  159  252  332  415  487  536  591  753  837  889  998  1083  1172  1220  1289  1336  1463  1582  1650  1689  1769  1877  1959  2069  2120  2209  2329  2404  2482  2578  2639  2700  2814  2844  2996  3012  3109  3226  3331  3405  3438  3544  3597  3675  3783  3857  3944  4075  4137  4249  4313  4398  4488  4567  4597  4717  4769  4840  4977 
 60  75  165  249  328  420  427  574  616  717  761  913  931  1051  1171  1203  1319  1369  1440  1577  1658  1728  1785  1879  1980  2023  2163  2235  2280  2413  2472  2511  2643  2723  2774  2901  2939  3045  3159  3246  3332  3334  3486  3548  3597  3720  3805  3916  3970  4001  4124  4234  4252  4361  4456  4516  4605  4692  4833  4886  4997 
 60  50  123  242  335  344  404  551  655  692  835  880  997  1089  1137  1234  1276  1332  1499  1582  1637  1727  1794  1842  1973  2083  2167  2248  2276  2407  2426  2518  2605  2686  2822  2912  2980  3066  3161  3243  3330  3407  3472  3572  3610  3750  3796  3915  3985  4035  4096  4237  4321  4388  4450  4553  4590  4750  4832  4897  4929 
 60  62  148  198  322  378  423  507  629  749  795  833  886  1001  1150  1187  1291  1418  1485  1548  1666  1707  1818  1883  2000  2023  2158  2237  2304  2398  2422  2559  2650  2745  2793  2916  2984  3081  3095  3218  3322  3352  3490  3547  3662  3691  3811  3917  3999  4035  4119  4249  4331  4343  4422  4584  4637  4751  4814  4917  4976 
 60  66  129  221  326  410  463  547  589  725  828  883  1003  1004  1160  1238  1311  1363  1475  1503  1657  1685  1819  1905  1931  2074  2164  2223  2332  2345  2477  2567  2605  2685  2764  2872  2933  3067  3120  3250  3270  3344  3486  3533  3584  3745  3830  3909  3977  4039  4090  4248  4258  4411  4498  4554  4666  4745  4810  4914  4968 
 60  30  152  250  315  404  447  555  590  677  807  919  966  1043  1105  1182  1282  1419  1431  1578  1611  1672  1765  1914  1951  2080  2161  2236  2294  2358  2417  2545  2664  2688  2819  2877  2934  3082  3155  3240  3312  3386  3437  3573  3656  3707  3759  3892  3959  4065  4128  4239  4298  4391  4492  4584  4631  4703  4756  4914  4969 
 60  6  142  237  302  366  439  576  635  753  823  878  1009  1091  1141  1196  1309  1364  1497  1540  1599  1684  1790  1860  1999  2065  2144  2236  2300  2369  2497  2577  2644  2703  2791  2893  2959  3027  3093  3170  3300  3338  3419  3582  3660  3744  3829  3841  3979  4060  4150  4180  4269  4371  4460  4581  4655  4740  4816  4856  4980 
 60  72  161  177  314  342  485  567  614  713  801  907  967  1081  1163  1251  1291  1400  1427  1546  1667  1745  1806  1916  1922  2083  2099  2186  2332  2391  2468  2502  2612  2747  2823  2846  2995  3025  3111  3230  3286  3396  3478  3579  3612  3710  3765  3888  3991  4080  4148  4225  4308  4351  4417  4548  4630  4706  4818  4918  4980 
 60  36  134  238  289  421  485  554  641  719  805  872  908  1074  1129  1252  1263  1412  1491  1581  1600  1749  1797  1915  1956  2028  2119  2211  2315  2402  2433  2570  2661  2744  2829  2894  2950  3037  3147  3248  3268  3410  3446  3561  3615  3717  3770  3872  3999  4043  4095  4240  4310  4359  4476  4577  4666  4675  4802  4843  4984 
 60  71  104  231  266  355  469  534  652  718  804  892  920  1092  1105  1225  1331  1392  1460  1562  1665  1736  1817  1875  1996  2064  2140  2240  2284  2378  2448  2506  2596  2737  2775  2908  2953  3061  3139  3249  3252  3338  3445  3569  3622  3677  3821  3902  3994  4020  4165  4211  4297  4373  4493  4532  4637  4691  4803  4897  4946 
 60  23  109  244  297  416  499  538  630  717  788  921  935  1054  1085  1179  1306  1395  1500  1547  1639  1729  1754  1878  1978  2034  2162  2232  2286  2416  2488  2520  2584  2717  2784  2911  2960  3071  3144  3177  3319  3350  3479  3575  3660  3727  3825  3881  3997  4050  4152  4240  4302  4363  4484  4560  4646  4748  4764  4894  4959 
 60  82  135  223  320  354  455  581  602  744  793  864  970  1049  1170  1215  1239  1410  1492  1501  1632  1692  1814  1906  1992  2061  2111  2228  2306  2410  2498  2580  2653  2688  2785  2878  2970  3007  3164  3214  3324  3405  3499  3508  3606  3733  3810  3891  3957  4034  4085  4199  4325  4350  4496  4519  4665  4691  4763  4870  4978 
