 3  0  69  195 
 3  1  10  208 
 3  2  85  194 
 3  3  143  171 
 3  4  178  193 
 3  5  87  220 
 3  6  142  244 
 3  7  97  117 
 3  8  109  182 
 3  9  19  180 
 3  11  204  215 
 3  12  50  227 
 3  13  15  231 
 3  14  158  187 
 3  16  147  179 
 3  17  70  141 
 3  18  186  235 
 3  20  54  200 
 3  21  24  102 
 3  22  53  201 
 3  23  48  59 
 3  25  55  72 
 3  26  105  113 
 3  27  99  248 
 3  28  92  101 
 3  29  155  222 
 3  30  127  216 
 3  31  39  209 
 3  32  36  152 
 3  33  146  160 
 3  34  229  243 
 3  35  64  90 
 3  37  38  41 
 3  40  112  234 
 3  42  166  198 
 3  43  123  131 
 3  44  213  246 
 3  45  96  134 
 3  46  62  167 
 3  47  79  224 
 3  49  95  164 
 3  51  66  114 
 3  52  57  174 
 3  56  132  145 
 3  58  136  161 
 3  60  128  199 
 3  61  65  84 
 3  63  169  184 
 3  67  159  168 
 3  68  108  172 
 3  71  93  240 
 3  73  125  189 
 3  74  110  223 
 3  75  156  219 
 3  76  185  202 
 3  77  89  230 
 3  78  129  151 
 3  80  116  135 
 3  81  119  170 
 3  82  157  197 
 3  83  173  188 
 3  86  94  130 
 3  88  126  241 
 3  91  190  211 
 3  98  154  165 
 3  100  217  232 
 3  103  203  242 
 3  104  150  238 
 3  106  121  236 
 3  107  138  237 
 3  111  144  177 
 3  115  133  247 
 3  118  183  245 
 3  120  153  207 
 3  122  206  233 
 3  124  205  239 
 3  137  139  226 
 3  140  163  196 
 3  148  176  214 
 3  149  162  192 
 3  175  218  228 
 3  181  191  212 
 3  210  225  249 
 3  41  167  221 
 3  0  183  237 
 3  1  112  165 
 3  2  9  181 
 3  3  131  230 
 3  4  5  186 
 3  6  122  235 
 3  7  64  195 
 3  8  14  50 
 3  10  162  194 
 3  11  48  52 
 3  12  42  57 
 3  13  51  205 
 3  15  16  146 
 3  17  60  134 
 3  18  77  84 
 3  19  39  133 
 3  20  124  166 
 3  21  63  68 
 3  22  54  118 
 3  23  88  197 
 3  24  217  247 
 3  25  102  227 
 3  26  141  198 
 3  27  128  164 
 3  28  211  220 
 3  29  75  248 
 3  30  38  126 
 3  31  193  225 
 3  32  189  200 
 3  33  80  236 
 3  34  136  174 
 3  35  185  224 
 3  36  132  214 
 3  37  78  188 
 3  40  140  170 
 3  43  86  177 
 3  44  104  117 
 3  45  153  223 
 3  46  159  218 
 3  47  137  240 
 3  49  94  203 
 3  53  175  196 
 3  55  123  226 
 3  56  91  127 
 3  58  149  150 
 3  59  116  242 
 3  61  110  119 
 3  62  108  155 
 3  65  147  151 
 3  66  111  191 
 3  67  171  246 
 3  69  156  249 
 3  70  92  202 
 3  71  82  98 
 3  72  121  145 
 3  73  222  233 
 3  74  97  184 
 3  76  160  228 
 3  79  229  244 
 3  81  148  215 
 3  83  138  182 
 3  85  173  199 
 3  87  154  187 
 3  89  105  135 
 3  90  212  241 
 3  93  120  168 
 3  95  100  201 
 3  96  161  216 
 3  99  231  243 
 3  101  204  219 
 3  103  125  192 
 3  106  210  234 
 3  107  115  176 
 3  109  130  207 
 3  113  209  221 
 3  5  114  238 
 3  129  152  213 
 3  139  179  245 
 3  142  169  208 
 3  143  158  180 
 3  70  144  172 
 3  133  157  239 
 3  163  181  206 
 3  49  129  178 
 3  73  190  232 
 3  0  89  91 
 3  1  26  213 
 3  2  120  145 
 3  3  88  99 
 3  4  52  228 
 3  6  134  176 
 3  7  14  167 
 3  8  13  170 
 3  9  174  245 
 3  10  43  175 
 3  11  63  173 
 3  12  122  210 
 3  15  71  125 
 3  16  127  169 
 3  17  139  232 
 3  18  75  93 
 3  19  80  110 
 3  20  185  216 
 3  21  140  171 
 3  22  104  204 
 3  23  100  234 
 3  24  58  65 
 3  25  38  219 
 3  27  117  121 
 3  28  182  236 
 3  29  86  124 
 3  30  66  203 
 3  31  47  83 
 3  32  68  87 
 3  33  108  241 
 3  34  177  221 
 3  35  207  217 
 3  36  116  137 
 3  37  153  189 
 3  39  53  172 
 3  40  78  183 
 3  41  77  205 
 3  42  82  132 
 3  44  79  157 
 3  45  48  211 
 3  46  147  176 
 3  50  194  229 
 3  51  118  199 
 3  54  146  235 
 3  55  107  154 
 3  56  143  193 
 3  57  115  230 
 3  14  59  202 
 3  60  156  180 
 3  61  111  200 
 3  62  112  161 
 3  64  85  186 
 3  67  69  242 
 3  72  81  222 
 3  74  98  249 
 3  76  206  237 
 3  84  128  208 
 3  90  113  148 
 3  92  123  151 
 3  6  94  101 
 3  95  138  223 
 3  96  135  227 
 3  97  191  247 
 3  102  103  209 
 3  105  179  187 
 3  106  192  224 
 3  109  150  226 
 3  114  131  233 
 3  119  126  244 
 3  130  160  246 
 3  136  188  197 
 3  141  225  231 
 3  142  166  168 
 3  144  195  240 
 3  149  178  184 
 3  152  218  248 
 3  138  155  162 
 3  142  158  201 
 3  159  190  212 
 3  163  198  220 
 3  164  215  239 
 3  165  204  243 
 3  38  196  214 
 3  33  78  238 
 3  0  32  229 
 3  1  19  73 
 3  2  101  152 
 3  3  20  182 
 3  4  25  157 
 3  5  100  221 
 3  7  131  219 
 3  8  151  212 
 3  9  87  224 
 3  10  197  200 
 3  11  125  166 
 3  12  144  164 
 3  13  45  64 
 3  15  218  247 
 3  16  156  207 
 3  17  62  184 
 3  18  28  40 
 3  21  37  139 
 3  22  116  198 
 3  23  104  147 
 3  24  48  132 
 3  26  30  93 
 3  27  161  233 
 3  29  187  234 
 3  31  159  205 
 3  34  140  199 
 3  35  74  188 
 3  36  39  216 
 3  41  70  79 
 3  42  146  178 
 3  43  183  225 
 3  44  155  181 
 3  46  109  111 
 3  47  57  65 
 3  49  89  226 
 3  50  141  171 
 3  51  106  246 
 3  52  67  222 
 3  53  98  186 
 3  54  72  105 
 3  55  169  174 
 3  56  94  108 
 3  58  60  168 
 3  59  128  189 
 3  61  90  248 
 3  63  86  214 
 3  66  158  162 
 3  68  135  228 
 3  69  88  163 
 3  71  236  244 
 3  75  103  136 
 3  76  119  149 
 3  77  134  175 
 3  80  99  191 
 3  81  167  211 
 3  82  177  190 
 3  83  179  203 
 3  84  130  227 
 3  85  112  115 
 3  91  202  213 
 3  92  117  193 
 3  95  165  245 
 3  96  192  243 
 3  97  160  220 
 3  102  127  215 
 3  107  126  180 
 3  110  124  195 
 3  113  194  249 
 3  114  132  208 
 3  118  153  241 
 3  120  209  237 
 3  121  137  223 
 3  122  133  170 
 3  123  235  242 
 3  129  196  217 
 3  143  150  239 
 3  145  201  231 
 3  148  172  206 
 3  154  173  232 
 3  77  185  238 
 3  150  189  210 
 3  172  192  230 
 3  23  160  240 
 3  0  38  58 
 3  1  13  102 
 3  2  33  164 
 3  3  93  232 
 3  4  144  179 
 3  5  15  155 
 3  6  97  245 
 3  7  107  129 
 3  8  63  240 
 3  9  71  167 
 3  10  70  207 
 3  11  18  191 
 3  12  30  87 
 3  14  157  223 
 3  16  124  140 
 3  17  90  133 
 3  19  50  54 
 3  20  148  174 
 3  21  46  249 
 3  22  41  247 
 3  24  106  186 
 3  25  159  234 
 3  26  52  109 
 3  27  158  214 
 3  28  35  67 
 3  29  37  76 
 3  31  128  220 
 3  32  134  193 
 3  34  108  210 
 3  36  64  149 
 3  39  151  244 
 3  40  82  203 
 3  42  81  139 
 3  43  215  224 
 3  44  61  173 
 3  45  111  169 
 3  47  73  101 
 3  48  49  206 
 3  51  75  184 
 3  53  130  136 
 3  55  125  171 
 3  56  154  170 
 3  57  117  241 
 3  59  165  218 
 3  60  86  236 
 3  62  89  166 
 3  65  72  163 
 3  66  81  152 
 3  68  123  205 
 3  69  95  216 
 3  74  143  206 
 3  52  78  201 
 3  79  146  161 
 3  80  153  221 
 3  83  115  175 
 3  9  84  178 
 3  85  99  127 
 3  88  209  226 
 3  75  91  176 
 3  92  105  136 
 3  94  113  196 
 3  96  217  237 
 3  98  118  131 
 3  100  119  168 
 3  103  228  229 
 3  104  177  208 
 3  110  147  230 
 3  112  137  156 
 3  114  240  243 
 3  116  194  233 
 3  120  187  195 
 3  121  122  183 
 3  126  135  225 
 3  138  190  235 
 3  141  219  242 
 3  137  142  181 
 3  46  145  185 
 3  140  162  204 
 3  180  198  212 
 3  25  182  238 
 3  141  188  248 
 3  197  213  222 
 3  135  199  211 
 3  200  227  231 
 3  186  202  239 
 3  4  209  246 
 3  0  15  106 
 3  1  228  241 
 3  2  17  223 
 3  3  29  79 
 3  5  176  226 
 3  6  173  239 
 3  7  116  200 
 3  8  161  162 
 3  10  49  190 
 3  11  91  126 
 3  12  113  218 
 3  13  139  193 
 3  14  22  94 
 3  16  24  128 
 3  18  108  124 
 3  19  41  48 
 3  20  71  219 
 3  21  54  244 
 3  23  109  129 
 3  26  192  195 
 3  27  167  197 
 3  28  158  189 
 3  30  74  234 
 3  31  148  207 
 3  32  98  212 
 3  33  232  243 
 3  34  37  213 
 3  35  42  204 
 3  36  171  236 
 3  38  96  178 
 3  39  154  163 
 3  40  208  224 
 3  43  62  160 
 3  44  120  249 
 3  3  45  164 
 3  47  127  133 
 3  50  100  203 
 3  51  151  220 
 3  53  114  211 
 3  55  110  233 
 3  56  104  153 
 3  57  86  242 
 3  58  87  169 
 3  59  83  184 
 3  60  89  111 
 3  61  92  183 
 3  63  95  122 
 3  64  72  247 
 3  65  138  221 
 3  66  69  85 
 3  67  80  172 
 3  68  78  143 
 3  70  93  107 
 3  73  77  88 
 3  76  82  231 
 3  84  196  202 
 3  90  103  201 
 3  97  119  216 
 3  99  156  187 
 3  101  146  227 
 3  102  131  181 
 3  105  152  168 
 3  112  185  222 
 3  115  245  246 
 3  117  125  205 
 3  118  214  238 
 3  121  150  188 
 3  123  142  170 
 3  130  134  157 
 3  132  191  225 
 3  144  145  166 
 3  141  147  217 
 3  149  198  215 
 3  155  180  230 
 3  159  174  237 
 3  165  177  194 
 3  175  195  210 
 3  179  229  248 
 3  117  182  199 
 3  87  213  235 
 3  0  172  223 
 3  1  144  216 
 3  2  109  183 
 3  4  41  162 
 3  5  84  133 
 3  6  36  241 
 3  7  96  222 
 3  8  73  118 
 3  9  24  78 
 3  10  173  185 
 3  11  39  156 
 3  12  71  91 
 3  13  194  224 
 3  14  126  174 
 3  15  19  149 
 3  16  37  100 
 3  17  38  215 
 3  18  161  187 
 3  20  94  191 
 3  21  85  198 
 3  22  40  209 
 3  23  68  115 
 3  25  137  235 
 3  26  170  178 
 3  27  34  160 
 3  28  29  58 
 3  30  145  182 
 3  31  105  233 
 3  32  47  201 
 3  33  59  131 
 3  35  169  228 
 3  42  158  229 
 3  43  139  247 
 3  44  60  203 
 3  45  62  238 
 3  46  97  232 
 3  48  123  248 
 3  49  64  225 
 3  50  111  186 
 3  51  86  189 
 3  52  121  208 
 3  53  56  168 
 3  54  196  234 
 3  55  106  134 
 3  57  74  114 
 3  61  207  242 
 3  63  104  112 
 3  65  98  108 
 3  66  159  188 
 3  67  138  240 
 3  69  125  217 
 3  70  127  163 
 3  72  212  246 
 3  75  81  243 
 3  76  116  140 
 3  77  148  154 
 3  79  150  199 
 3  80  136  166 
 3  82  92  128 
 3  83  130  142 
 3  88  124  211 
 3  89  120  171 
 3  90  146  237 
 3  93  151  197 
 3  95  147  202 
 3  99  157  245 
 3  101  205  206 
 3  102  179  210 
 3  103  143  152 
 3  107  164  184 
 3  110  165  193 
 3  113  180  231 
 3  119  155  239 
 3  122  129  204 
 3  132  221  244 
 3  135  176  177 
 3  153  175  226 
 3  167  227  230 
 3  181  200  218 
 3  190  236  249 
 3  192  219  220 
 3  144  170  214 
 3  0  48  198 
 3  1  94  171 
 3  2  31  76 
 3  3  116  213 
 3  4  86  206 
 3  5  210  242 
 3  6  102  243 
 3  7  99  238 
 3  8  49  57 
 3  9  175  233 
 3  10  12  22 
 3  11  32  196 
 3  13  34  89 
 3  14  155  199 
 3  15  47  211 
 3  16  53  123 
 3  17  187  227 
 3  18  95  180 
 3  19  103  249 
 3  20  84  85 
 3  21  178  191 
 3  23  105  224 
 3  24  67  193 
 3  25  91  160 
 3  26  177  237 
 3  27  149  165 
 3  28  181  184 
 3  29  115  200 
 3  30  176  222 
 3  33  167  169 
 3  35  161  245 
 3  36  83  217 
 3  37  212  239 
 3  38  97  208 
 3  39  134  145 
 3  40  70  218 
 3  41  131  174 
 3  42  46  195 
 3  43  65  188 
 3  44  158  216 
 3  45  68  202 
 3  50  58  173 
 3  51  122  230 
 3  52  61  140 
 3  54  156  162 
 3  55  203  241 
 3  56  96  248 
 3  59  101  221 
 3  60  72  192 
 3  62  143  219 
 3  63  163  179 
 3  64  128  244 
 3  66  90  164 
 3  69  182  228 
 3  71  100  183 
 3  73  75  121 
 3  74  104  139 
 3  77  204  246 
 3  78  110  229 
 3  79  81  98 
 3  80  82  205 
 3  87  130  132 
 3  88  194  235 
 3  92  114  215 
 3  93  146  225 
 3  106  201  207 
 3  107  185  189 
 3  108  159  226 
 3  109  126  247 
 3  111  151  234 
 3  112  118  236 
 3  113  157  240 
 3  117  127  152 
 3  119  125  137 
 3  120  136  147 
 3  124  153  232 
 3  129  142  209 
 3  133  166  190 
 3  135  138  197 
 3  141  148  168 
 3  150  220  231 
 3  154  200  223 
 3  6  100  172 
 3  80  186  214 
 3  0  94  117 
 3  1  11  82 
 3  2  91  158 
 3  3  15  105 
 3  4  73  231 
 3  5  38  194 
 3  7  113  183 
 3  8  85  132 
 3  9  22  89 
 3  10  28  243 
 3  12  153  192 
 3  13  52  83 
 3  14  31  235 
 3  16  191  209 
 3  17  49  140 
 3  18  141  228 
 3  19  92  137 
 3  20  33  103 
 3  21  51  154 
 3  23  66  166 
 3  24  88  184 
 3  25  155  225 
 3  26  115  229 
 3  27  202  219 
 3  29  84  240 
 3  30  172  212 
 3  32  70  119 
 3  34  67  187 
 3  35  190  214 
 3  36  204  211 
 3  37  64  230 
 3  39  160  222 
 3  40  193  227 
 3  41  147  236 
 3  42  102  126 
 3  43  128  216 
 3  44  167  226 
 3  45  65  75 
 3  46  78  163 
 3  47  168  178 
 3  48  72  210 
 3  50  131  207 
 3  53  125  177 
 3  54  120  215 
 3  55  62  213 
 3  56  76  245 
 3  57  142  197 
 3  58  116  179 
 3  59  136  139 
 3  60  239  248 
 3  61  161  247 
 3  63  218  246 
 3  68  181  221 
 3  69  143  176 
 3  71  129  173 
 3  74  123  162 
 3  77  198  203 
 3  79  145  242 
 3  81  95  189 
 3  86  138  152 
 3  87  110  237 
 3  90  130  205 
 3  93  122  149 
 3  96  118  133 
 3  97  106  180 
 3  98  185  220 
 3  99  146  175 
 3  101  150  174 
 3  104  164  196 
 3  107  108  114 
 3  109  127  171 
 3  111  217  233 
 3  112  188  195 
 3  121  124  151 
 3  134  159  208 
 3  135  156  206 
 3  144  199  249 
 3  96  148  234 
 3  89  157  232 
 3  165  182  210 
 3  82  143  169 
 3  156  170  241 
 3  105  186  223 
 3  80  184  201 
 3  53  63  224 
 3  152  238  244 
 3  0  162  227 
 3  1  66  183 
 3  2  58  125 
 3  3  170  221 
 3  4  97  112 
 3  5  171  197 
 3  6  109  110 
 3  7  136  239 
 3  8  103  134 
 3  9  64  177 
 3  10  15  56 
 3  11  118  159 
 3  12  77  92 
 3  13  18  207 
 3  14  32  124 
 3  16  72  194 
 3  17  22  151 
 3  19  40  168 
 3  20  60  114 
 3  21  91  206 
 3  23  86  212 
 3  24  79  204 
 3  25  61  166 
 3  26  139  185 
 3  27  47  126 
 3  28  55  133 
 3  29  122  203 
 3  30  131  140 
 3  31  34  74 
 3  33  115  119 
 3  35  116  155 
 3  36  123  157 
 3  37  130  233 
 3  38  73  181 
 3  39  169  248 
 3  41  69  108 
 3  42  70  121 
 3  43  52  180 
 3  44  132  174 
 3  45  101  249 
 3  46  49  87 
 3  48  93  241 
 3  50  68  190 
 3  51  84  225 
 3  54  57  220 
 3  59  191  222 
 3  62  67  173 
 3  65  205  245 
 3  71  187  208 
 3  75  100  175 
 3  76  214  247 
 3  78  149  246 
 3  81  217  235 
 3  83  186  243 
 3  85  167  201 
 3  88  98  141 
 3  90  147  199 
 3  94  137  230 
 3  95  111  117 
 3  99  106  138 
 3  102  153  161 
 3  104  148  229 
 3  107  193  236 
 3  24  113  182 
 3  120  218  219 
 3  49  127  188 
 3  128  213  234 
 3  129  135  145 
 3  142  202  232 
 3  144  226  244 
 3  146  165  172 
 3  150  190  216 
 3  128  154  228 
 3  141  158  224 
 3  160  223  242 
 3  163  178  189 
 3  164  200  209 
 3  61  176  192 
 3  179  211  237 
 3  195  231  241 
 3  13  196  197 
 3  198  207  240 
 3  4  59  215 
 3  130  140  238 
 3  0  164  222 
 3  1  60  201 
 3  2  57  96 
 3  3  42  63 
 3  5  121  191 
 3  6  84  125 
 3  7  159  170 
 3  8  168  200 
 3  9  127  214 
 3  10  37  39 
 3  11  150  194 
 3  12  99  147 
 3  14  77  188 
 3  15  151  203 
 3  16  44  107 
 3  17  221  233 
 3  18  72  237 
 3  19  51  217 
 3  20  40  155 
 3  21  90  216 
 3  22  45  119 
 3  23  134  149 
 3  25  98  195 
 3  26  169  199 
 3  27  113  173 
 3  28  85  89 
 3  29  142  249 
 3  30  78  101 
 3  31  144  180 
 3  32  109  114 
 3  33  47  177 
 3  34  183  185 
 3  35  117  209 
 3  36  166  187 
 3  38  124  246 
 3  41  122  160 
 3  43  103  211 
 3  46  138  215 
 3  48  97  171 
 3  50  163  208 
 3  52  58  244 
 3  53  62  126 
 3  54  205  240 
 3  55  86  204 
 3  56  138  220 
 3  64  118  242 
 3  65  158  218 
 3  66  137  231 
 3  67  202  241 
 3  68  71  136 
 3  69  153  234 
 3  70  135  238 
 3  73  87  104 
 3  74  94  133 
 3  75  227  247 
 3  76  102  236 
 3  79  176  198 
 3  80  152  210 
 3  81  106  116 
 3  82  148  162 
 3  83  91  110 
 3  76  88  111 
 3  92  115  145 
 3  93  224  226 
 3  95  181  229 
 3  100  161  193 
 3  105  189  219 
 3  108  178  197 
 3  112  129  174 
 3  120  186  245 
 3  123  182  246 
 3  131  166  228 
 3  132  156  232 
 3  129  139  172 
 3  143  179  235 
 3  146  208  239 
 3  154  167  225 
 3  21  157  192 
 3  103  165  196 
 3  58  175  212 
 3  25  177  184 
 3  151  206  243 
 3  213  223  247 
 3  69  230  248 
 3  0  31  63 
 3  1  29  147 
 3  2  35  41 
 3  3  38  201 
 3  4  71  90 
 3  5  81  205 
 3  6  105  167 
 3  7  18  47 
 3  8  80  215 
 3  9  234  239 
 3  10  59  117 
 3  11  65  146 
 3  12  64  143 
 3  13  30  248 
 3  14  106  228 
 3  15  112  130 
 3  16  51  190 
 3  17  117  235 
 3  19  164  187 
 3  20  135  149 
 3  22  27  195 
 3  23  38  154 
 3  24  39  66 
 3  26  28  100 
 3  32  44  75 
 3  33  74  198 
 3  34  127  134 
 3  36  146  180 
 3  37  113  211 
 3  40  176  223 
 3  42  118  206 
 3  43  101  186 
 3  45  122  141 
 3  46  128  172 
 3  48  144  219 
 3  49  92  160 
 3  50  56  184 
 3  52  153  165 
 3  53  61  236 
 3  54  188  193 
 3  55  59  168 
 3  57  62  191 
 3  60  98  115 
 3  20  67  175 
 3  68  168  243 
 3  70  222  245 
 3  72  74  202 
 3  73  108  120 
 3  52  77  249 
 3  78  199  200 
 3  79  114  209 
 3  82  217  226 
 3  83  93  104 
 3  84  152  156 
 3  85  136  204 
 3  45  86  229 
 3  7  87  162 
 3  88  96  173 
 3  89  90  121 
 3  91  131  231 
 3  94  161  224 
 3  95  114  227 
 3  97  189  203 
 3  99  125  148 
 3  102  145  221 
 3  107  137  199 
 3  12  109  155 
 3  110  212  219 
 3  111  126  139 
 3  100  116  174 
 3  119  179  197 
 3  120  123  163 
 3  124  225  237 
 3  4  132  230 
 3  133  171  185 
 3  140  210  240 
 3  142  183  238 
 3  71  150  170 
 3  66  157  213 
 3  136  158  241 
 3  95  159  192 
 3  169  233  242 
 3  178  232  242 
 3  160  181  217 
 3  75  82  182 
 3  119  129  194 
 3  55  196  216 
 3  207  211  244 
 3  214  218  220 
 3  0  147  170 
 3  1  107  186 
 3  2  124  231 
 3  3  39  174 
 3  5  22  65 
 3  6  133  218 
 3  8  91  177 
 3  9  203  216 
 3  10  33  234 
 3  11  115  228 
 3  13  97  204 
 3  14  61  93 
 3  15  34  202 
 3  16  96  101 
 3  17  85  189 
 3  18  23  220 
 3  19  32  62 
 3  21  27  155 
 3  24  142  195 
 3  25  85  172 
 3  26  132  164 
 3  4  28  126 
 3  29  127  192 
 3  30  84  209 
 3  31  121  196 
 3  35  86  163 
 3  36  40  206 
 3  37  92  106 
 3  41  142  165 
 3  42  58  123 
 3  43  178  187 
 3  44  76  78 
 3  46  116  243 
 3  47  51  143 
 3  48  98  213 
 3  49  79  125 
 3  50  152  160 
 3  53  150  181 
 3  54  70  249 
 3  56  149  212 
 3  57  138  239 
 3  60  110  222 
 3  63  64  148 
 3  67  111  248 
 3  68  118  176 
 3  69  130  215 
 3  72  99  159 
 3  73  140  167 
 3  77  138  169 
 3  79  80  183 
 3  81  173  177 
 3  83  156  167 
 3  87  103  191 
 3  88  112  134 
 3  89  175  235 
 3  94  122  128 
 3  102  139  141 
 3  67  104  131 
 3  105  236  237 
 3  108  188  194 
 3  109  184  205 
 3  110  113  208 
 3  135  158  233 
 3  10  137  246 
 3  65  144  232 
 3  145  157  162 
 3  35  151  171 
 3  129  153  210 
 3  22  152  154 
 3  51  142  161 
 3  166  230  245 
 3  160  179  201 
 3  120  180  238 
 3  96  182  198 
 3  185  223  248 
 3  183  190  200 
 3  193  214  224 
 3  133  207  227 
 3  18  221  240 
 3  225  226  229 
 3  74  231  244 
 3  92  199  247 
 3  0  66  235 
 3  1  123  229 
 3  2  97  153 
 3  3  91  108 
 3  5  164  202 
 3  6  82  163 
 3  7  89  165 
 3  8  107  214 
 3  9  36  172 
 3  11  34  168 
 3  12  55  76 
 3  13  98  135 
 3  14  243  247 
 3  15  53  144 
 3  16  112  223 
 3  17  125  211 
 3  19  68  182 
 3  20  73  228 
 3  21  174  205 
 3  23  169  187 
 3  24  95  230 
 3  25  147  220 
 3  26  31  99 
 3  27  77  94 
 3  28  106  148 
 3  29  171  226 
 3  30  136  208 
 3  32  49  122 
 3  33  38  63 
 3  37  176  216 
 3  39  210  212 
 3  40  173  178 
 3  41  56  111 
 3  42  83  234 
 3  43  110  145 
 3  44  118  227 
 3  45  151  246 
 3  46  47  192 
 3  48  131  200 
 3  50  90  197 
 3  52  181  207 
 3  54  127  177 
 3  57  59  149 
 3  58  158  209 
 3  60  101  240 
 3  61  88  206 
 3  62  93  186 
 3  64  156  190 
 3  69  198  244 
 3  70  116  143 
 3  71  184  193 
 3  72  83  215 
 3  75  194  201 
 3  78  80  161 
 3  78  81  113 
 3  84  139  166 
 3  86  146  179 
 3  87  233  241 
 3  100  204  222 
 3  32  102  237 
 3  103  140  173 
 3  6  104  132 
 3  105  141  191 
 3  109  185  221 
 3  114  203  218 
 3  115  155  219 
 3  98  117  130 
 3  119  130  242 
 3  96  121  195 
 3  124  126  224 
 3  128  159  245 
 3  134  155  213 
 3  137  150  228 
 3  136  154  175 
 3  157  189  217 
 3  45  162  236 
 3  62  170  232 
 3  125  180  249 
 3  55  188  239 
 3  79  196  238 
 3  170  192  225 
 3  0  109  204 
 3  1  211  236 
 3  2  51  82 
 3  3  43  220 
 3  4  147  196 
 3  5  54  248 
 3  7  48  229 
 3  8  128  146 
 3  9  31  243 
 3  10  219  232 
 3  11  101  223 
 3  12  112  193 
 3  13  33  225 
 3  14  125  241 
 3  15  75  163 
 3  16  89  167 
 3  17  144  165 
 3  18  42  181 
 3  19  85  139 
 3  20  198  217 
 3  21  95  183 
 3  22  29  38 
 3  23  53  244 
 3  24  105  119 
 3  25  90  224 
 3  26  97  111 
 3  27  207  208 
 3  28  127  156 
 3  30  120  217 
 3  4  34  239 
 3  35  162  210 
 3  36  73  203 
 3  37  52  93 
 3  39  104  186 
 3  40  57  212 
 3  41  173  176 
 3  44  131  172 
 3  46  190  209 
 3  47  71  132 
 3  49  67  116 
 3  50  195  234 
 3  56  133  249 
 3  58  107  231 
 3  59  70  151 
 3  60  129  161 
 3  61  159  178 
 3  63  92  238 
 3  64  114  141 
 3  65  148  182 
 3  66  149  206 
 3  68  121  153 
 3  69  200  247 
 3  71  72  126 
 3  74  118  175 
 3  76  114  222 
 3  77  102  117 
 3  80  138  199 
 3  81  184  187 
 3  84  150  218 
 3  86  167  213 
 3  87  164  240 
 3  88  152  201 
 3  91  140  180 
 3  94  232  233 
 3  99  135  242 
 3  100  226  249 
 3  103  168  216 
 3  106  145  178 
 3  108  113  204 
 3  115  140  205 
 3  122  126  137 
 3  47  123  197 
 3  124  176  194 
 3  134  154  158 
 3  143  159  214 
 3  157  168  171 
 3  107  166  215 
 3  169  189  245 
 3  144  174  246 
 3  121  179  227 
 3  185  235  237 
 3  132  188  202 
 3  191  221  230 
 3  0  33  82 
 3  1  212  234 
 3  2  65  170 
 3  3  161  177 
 3  5  8  16 
 3  6  48  164 
 3  7  157  246 
 3  9  91  147 
 3  10  72  135 
 3  11  195  202 
 3  12  79  156 
 3  13  44  130 
 3  14  36  56 
 3  15  26  35 
 3  17  111  229 
 3  18  57  199 
 3  19  134  211 
 3  20  145  179 
 3  21  28  227 
 3  22  193  240 
 3  23  49  216 
 3  24  40  185 
 3  25  100  188 
 3  27  166  226 
 3  29  46  135 
 3  30  207  243 
 3  31  45  90 
 3  32  86  99 
 3  34  133  236 
 3  37  120  184 
 3  38  61  185 
 3  39  109  153 
 3  41  81  238 
 3  42  94  95 
 3  43  241  245 
 3  50  101  222 
 3  51  68  104 
 3  52  88  214 
 3  53  97  237 
 3  54  76  141 
 3  55  63  183 
 3  58  202  205 
 3  59  110  180 
 3  60  124  233 
 3  62  162  208 
 3  64  112  219 
 3  66  96  224 
 3  67  92  149 
 3  69  146  201 
 3  66  70  248 
 3  73  129  136 
 3  74  172  181 
 3  75  85  244 
 3  77  119  163 
 3  78  106  242 
 3  80  93  117 
 3  83  116  228 
 3  84  123  160 
 3  87  131  196 
 3  39  89  225 
 3  98  179  200 
 3  23  102  190 
 3  103  182  239 
 3  69  105  194 
 3  52  108  152 
 3  113  127  128 
 3  115  152  203 
 3  118  150  197 
 3  122  177  213 
 3  120  137  138 
 3  96  139  235 
 3  142  148  171 
 3  143  175  189 
 3  151  155  174 
 3  57  154  247 
 3  158  206  240 
 3  132  165  231 
 3  169  186  191 
 3  176  187  230 
 3  192  218  238 
 3  197  198  221 
 3  56  209  215 
 3  210  220  223 
 3  0  78  136 
 3  1  74  116 
 3  2  210  222 
 3  3  10  68 
 3  4  138  225 
 3  5  80  143 
 3  6  151  188 
 3  7  149  163 
 3  8  193  217 
 3  9  92  112 
 3  11  128  144 
 3  12  46  228 
 3  13  82  186 
 3  14  28  164 
 3  15  21  110 
 3  16  19  214 
 3  17  25  50 
 3  18  49  233 
 3  20  34  159 
 3  22  168  212 
 3  24  118  147 
 3  26  60  173 
 3  27  38  237 
 3  29  132  242 
 3  30  181  244 
 3  31  153  230 
 3  32  216  220 
 3  33  189  208 
 3  35  71  134 
 3  36  198  239 
 3  37  102  170 
 3  40  53  99 
 3  41  190  224 
 3  42  61  125 
 3  43  107  203 
 3  44  70  101 
 3  45  142  204 
 3  47  58  130 
 3  48  139  161 
 3  51  113  158 
 3  54  100  169 
 3  55  75  231 
 3  59  211  227 
 3  62  98  127 
 3  63  90  141 
 3  64  65  115 
 3  67  85  236 
 3  72  174  191 
 3  73  97  157 
 3  76  192  209 
 3  77  177  223 
 3  79  159  171 
 3  81  219  247 
 3  83  122  205 
 3  84  153  180 
 3  86  195  248 
 3  87  215  221 
 3  88  109  172 
 3  89  156  229 
 3  91  119  154 
 3  93  206  245 
 3  75  94  124 
 3  62  95  196 
 3  103  111  226 
 3  104  178  207 
 3  105  182  183 
 3  106  140  187 
 3  108  145  150 
 3  114  170  199 
 3  117  137  176 
 3  121  160  249 
 3  123  133  200 
 3  126  162  246 
 3  28  129  201 
 3  131  134  232 
 3  111  146  184 
 3  148  160  213 
 3  155  201  234 
 3  165  235  241 
 3  166  218  243 
 3  167  175  194 
 3  0  10  57 
 3  1  30  231 
 3  2  32  45 
 3  3  4  61 
 3  5  35  223 
 3  6  64  236 
 3  7  109  245 
 3  8  87  101 
 3  9  116  144 
 3  11  41  200 
 3  12  211  243 
 3  13  81  94 
 3  14  123  193 
 3  15  99  184 
 3  16  143  203 
 3  17  82  155 
 3  18  178  196 
 3  19  60  69 
 3  20  39  195 
 3  21  115  239 
 3  22  24  181 
 3  23  133  136 
 3  25  151  168 
 3  26  42  222 
 3  27  100  104 
 3  29  188  214 
 3  31  124  218 
 3  33  152  226 
 3  34  46  106 
 3  36  53  233 
 3  37  95  206 
 3  38  183  199 
 3  40  77  219 
 3  43  191  207 
 3  44  112  138 
 3  47  114  235 
 3  48  138  158 
 3  49  54  110 
 3  50  51  79 
 3  52  230  247 
 3  55  88  147 
 3  56  174  192 
 3  58  189  238 
 3  59  72  186 
 3  63  107  161 
 3  65  90  135 
 3  66  110  209 
 3  67  73  185 
 3  68  127  208 
 3  70  148  224 
 3  71  121  162 
 3  74  182  229 
 3  76  84  204 
 3  78  93  125 
 3  80  237  242 
 3  83  96  220 
 3  85  86  118 
 3  89  129  146 
 3  91  179  198 
 3  92  156  164 
 3  97  205  215 
 3  98  157  167 
 3  102  130  232 
 3  103  210  227 
 3  105  197  241 
 3  108  180  228 
 3  113  149  190 
 3  117  142  225 
 3  119  172  221 
 3  120  165  212 
 3  122  166  246 
 3  126  150  249 
 3  128  131  175 
 3  137  141  213 
 3  139  154  171 
 3  140  194  216 
 3  145  202  244 
 3  163  169  217 
 3  173  234  240 
 3  187  189  248 
 3  0  186  249 
 3  1  83  181 
 3  2  151  242 
 3  3  102  155 
 3  4  68  74 
 3  5  17  126 
 3  6  8  129 
 3  7  84  207 
 3  9  58  96 
 3  10  230  236 
 3  11  199  206 
 3  12  27  31 
 3  13  77  111 
 3  14  79  175 
 3  15  43  121 
 3  16  22  208 
 3  18  25  148 
 3  19  23  177 
 3  20  59  81 
 3  21  118  172 
 3  24  38  89 
 3  26  95  157 
 3  28  62  217 
 3  29  212  223 
 3  30  46  160 
 3  32  51  128 
 3  33  90  221 
 3  34  48  167 
 3  35  200  211 
 3  36  63  82 
 3  37  65  180 
 3  39  60  194 
 3  40  131  143 
 3  41  178  179 
 3  42  91  156 
 3  44  149  176 
 3  45  72  120 
 3  47  56  87 
 3  49  75  215 
 3  50  112  244 
 3  52  80  94 
 3  53  92  232 
 3  54  161  190 
 3  55  145  198 
 3  57  163  164 
 3  61  195  245 
 3  64  147  248 
 3  66  234  241 
 3  67  98  170 
 3  69  109  191 
 3  70  201  225 
 3  71  113  227 
 3  73  159  187 
 3  76  99  154 
 3  78  152  220 
 3  85  105  185 
 3  86  142  233 
 3  88  116  146 
 3  93  119  188 
 3  97  133  139 
 3  100  144  173 
 3  101  237  247 
 3  103  115  158 
 3  104  165  168 
 3  106  114  226 
 3  107  210  216 
 3  108  130  209 
 3  117  141  222 
 3  122  127  132 
 3  123  124  214 
 3  125  184  235 
 3  134  196  228 
 3  135  136  224 
 3  137  140  166 
 3  150  171  202 
 3  153  213  218 
 3  162  203  239 
 3  169  193  243 
 3  174  182  197 
 3  183  205  219 
 3  179  192  246 
 3  204  238  240 
 3  6  229  231 
 3  0  17  108 
 3  1  55  176 
 3  2  25  198 
 3  3  7  8 
 3  4  175  207 
 3  5  28  120 
 3  9  202  227 
 3  10  158  228 
 3  11  24  37 
 3  12  69  83 
 3  13  122  168 
 3  14  119  225 
 3  15  131  206 
 3  16  204  216 
 3  18  22  213 
 3  19  99  244 
 3  20  186  246 
 3  21  71  152 
 3  23  95  146 
 3  26  40  62 
 3  27  138  211 
 3  29  63  182 
 3  30  35  52 
 3  31  98  181 
 3  32  145  154 
 3  33  101  144 
 3  34  45  100 
 3  36  153  243 
 3  38  106  132 
 3  39  173  219 
 3  41  80  104 
 3  42  78  162 
 3  43  46  105 
 3  44  208  235 
 3  47  166  231 
 3  48  75  102 
 3  49  205  223 
 3  50  156  199 
 3  51  135  171 
 3  53  64  121 
 3  54  178  212 
 3  56  125  226 
 3  57  151  180 
 3  58  74  190 
 3  59  88  183 
 3  60  139  234 
 3  61  215  218 
 3  65  136  192 
 3  66  148  249 
 3  67  164  221 
 3  68  195  200 
 3  70  112  113 
 3  72  143  232 
 3  73  194  240 
 3  76  77  130 
 3  79  214  248 
 3  81  149  224 
 3  82  196  220 
 3  84  87  134 
 3  85  117  174 
 3  86  159  201 
 3  89  170  187 
 3  90  160  210 
 3  91  203  217 
 3  92  150  177 
 3  93  157  222 
 3  94  97  238 
 3  96  124  155 
 3  103  107  167 
 3  109  116  236 
 3  110  161  189 
 3  111  118  185 
 3  114  172  229 
 3  115  188  242 
 3  123  129  239 
 3  126  142  147 
 3  127  197  233 
 3  128  140  191 
 3  133  141  230 
 3  137  163  184 
 3  165  169  237 
 3  193  209  247 
 3  92  176  241 
 3  74  135  245 
 3  0  3  173 
 3  1  84  235 
 3  2  72  225 
 3  4  161  218 
 3  5  127  243 
 3  6  30  81 
 3  7  37  236 
 3  8  95  226 
 3  9  79  168 
 3  10  69  110 
 3  11  56  120 
 3  12  85  150 
 3  13  128  167 
 3  14  186  234 
 3  15  102  122 
 3  16  28  70 
 3  17  200  244 
 3  18  121  242 
 3  19  47  91 
 3  20  146  199 
 3  21  89  113 
 3  22  197  238 
 3  23  51  52 
 3  24  94  170 
 3  25  27  249 
 3  26  163  231 
 3  29  55  80 
 3  31  119  143 
 3  32  149  222 
 3  33  43  158 
 3  34  193  198 
 3  35  48  50 
 3  36  103  138 
 3  38  116  184 
 3  39  203  213 
 3  40  44  153 
 3  41  123  177 
 3  42  53  147 
 3  45  192  207 
 3  46  63  241 
 3  49  118  182 
 3  54  98  189 
 3  57  148  165 
 3  58  156  223 
 3  59  104  129 
 3  60  93  230 
 3  61  169  172 
 3  62  86  136 
 3  64  82  188 
 3  65  77  78 
 3  66  220  237 
 3  67  140  212 
 3  68  141  227 
 3  71  87  185 
 3  73  211  214 
 3  75  181  233 
 3  76  117  196 
 3  83  139  151 
 3  88  132  162 
 3  90  142  240 
 3  96  229  239 
 3  97  108  248 
 3  99  221  232 
 3  100  105  130 
 3  101  111  183 
 3  106  115  179 
 3  107  157  191 
 3  109  134  166 
 3  112  178  247 
 3  114  175  224 
 3  124  160  180 
 3  125  152  190 
 3  126  154  210 
 3  131  159  215 
 3  133  201  219 
 3  137  144  206 
 3  145  195  204 
 3  155  209  245 
 3  164  208  228 
 3  171  205  217 
 3  174  187  202 
 3  194  220  246 
 3  189  213  216 
 3  0  62  71 
 3  1  137  205 
 3  2  14  132 
 3  3  175  248 
 3  4  50  182 
 3  5  96  158 
 3  6  39  234 
 3  7  199  203 
 3  8  33  172 
 3  9  38  229 
 3  10  25  101 
 3  11  12  102 
 3  13  57  173 
 3  15  30  60 
 3  16  120  243 
 3  17  67  122 
 3  18  117  151 
 3  19  178  202 
 3  20  27  238 
 3  21  69  112 
 3  22  140  161 
 3  23  74  138 
 3  24  134  139 
 3  26  94  152 
 3  28  31  66 
 3  29  196  237 
 3  32  148  190 
 3  34  42  113 
 3  35  80  174 
 3  36  163  222 
 3  37  195  221 
 3  40  97  197 
 3  41  109  231 
 3  43  223  230 
 3  44  68  239 
 3  45  53  188 
 3  46  92  211 
 3  47  204  207 
 3  48  187  191 
 3  49  123  244 
 3  51  168  169 
 3  52  85  146 
 3  54  209  219 
 3  55  192  240 
 3  56  82  142 
 3  58  95  198 
 3  59  156  246 
 3  61  72  157 
 3  63  149  171 
 3  64  84  98 
 3  65  93  208 
 3  70  159  165 
 3  73  119  141 
 3  75  111  133 
 3  76  215  233 
 3  77  83  245 
 3  78  164  170 
 3  79  116  162 
 3  81  104  206 
 3  86  89  100 
 3  87  176  184 
 3  88  216  228 
 3  90  106  108 
 3  91  155  249 
 3  99  115  210 
 3  103  147  193 
 3  105  160  247 
 3  107  224  241 
 3  110  114  242 
 3  118  125  225 
 3  121  127  201 
 3  124  130  212 
 3  126  214  226 
 3  128  136  145 
 3  129  177  181 
 3  131  150  186 
 3  135  143  167 
 3  144  153  217 
 3  154  179  183 
 3  166  227  236 
 3  180  185  194 
 3  200  232  235 
 3  47  182  218 
 3  0  151  161 
 3  1  2  217 
 3  3  26  176 
 3  4  21  200 
 3  5  57  104 
 3  6  148  203 
 3  7  62  209 
 3  8  137  236 
 3  9  213  240 
 3  10  136  227 
 3  11  106  181 
 3  12  54  89 
 3  13  75  115 
 3  14  98  152 
 3  15  41  188 
 3  16  48  197 
 3  17  20  65 
 3  18  102  114 
 3  19  125  172 
 3  22  25  153 
 3  23  90  230 
 3  24  36  192 
 3  27  35  180 
 3  28  150  219 
 3  29  78  91 
 3  30  71  177 
 3  31  187  244 
 3  32  55  58 
 3  33  100  186 
 3  34  118  135 
 3  37  60  175 
 3  38  103  149 
 3  39  83  124 
 3  40  105  121 
 3  42  64  215 
 3  43  126  229 
 3  44  53  82 
 3  45  117  224 
 3  46  76  199 
 3  49  159  211 
 3  50  108  129 
 3  51  110  247 
 3  52  63  196 
 3  56  234  238 
 3  59  216  248 
 3  61  204  239 
 3  66  112  228 
 3  67  72  195 
 3  68  107  120 
 3  69  164  241 
 3  70  77  96 
 3  73  128  193 
 3  74  127  165 
 3  79  113  133 
 3  80  84  167 
 3  81  157  214 
 3  85  87  140 
 3  86  207  223 
 3  88  189  191 
 3  92  194  225 
 3  93  162  179 
 3  94  116  169 
 3  95  166  178 
 3  97  123  174 
 3  99  101  226 
 3  109  132  144 
 3  111  154  212 
 3  119  145  173 
 3  122  138  201 
 3  130  141  220 
 3  131  158  184 
 3  134  163  242 
 3  139  202  249 
 3  142  160  221 
 3  143  205  222 
 3  146  183  232 
 3  147  155  235 
 3  156  218  233 
 3  168  170  198 
 3  171  206  208 
 3  185  190  243 
 3  210  231  246 
 3  200  237  245 
 3  0  29  73 
 3  1  7  189 
 3  2  102  137 
 3  3  58  146 
 3  4  6  226 
 3  5  116  245 
 3  8  51  126 
 3  9  163  235 
 3  10  179  225 
 3  11  203  237 
 3  12  44  232 
 3  13  49  114 
 3  14  183  194 
 3  15  18  154 
 3  16  25  242 
 3  17  162  218 
 3  19  46  55 
 3  20  80  144 
 3  21  127  210 
 3  22  125  214 
 3  23  34  191 
 3  24  167  199 
 3  26  78  175 
 3  27  65  174 
 3  28  103  195 
 3  30  121  168 
 3  31  169  234 
 3  32  61  224 
 3  33  118  148 
 3  35  84  177 
 3  36  150  165 
 3  37  201  215 
 3  38  64  74 
 3  39  48  140 
 3  40  41  243 
 3  42  62  149 
 3  43  95  173 
 3  45  89  219 
 3  47  176  181 
 3  50  221  246 
 3  52  211  233 
 3  53  111  227 
 3  54  119  238 
 3  56  151  166 
 3  57  76  155 
 3  59  91  197 
 3  60  70  212 
 3  63  101  105 
 3  66  107  113 
 3  67  136  178 
 3  68  86  198 
 3  69  172  236 
 3  71  147  207 
 3  72  196  204 
 3  75  122  193 
 3  77  85  143 
 3  79  190  240 
 3  81  115  208 
 3  82  153  216 
 3  83  131  180 
 3  87  206  230 
 3  88  192  248 
 3  90  213  229 
 3  92  94  239 
 3  93  138  170 
 3  96  123  202 
 3  97  124  186 
 3  98  109  112 
 3  99  104  220 
 3  100  128  141 
 3  106  160  161 
 3  108  157  164 
 3  110  129  185 
 3  117  132  184 
 3  120  135  152 
 3  130  222  249 
 3  133  145  217 
 3  134  205  209 
 3  139  159  182 
 3  142  188  247 
 3  156  158  231 
 3  171  187  223 
 3  93  228  244 
 3  28  213  241 
 3  0  128  153 
 3  1  27  122 
 3  2  226  235 
 3  3  25  218 
 3  4  24  189 
 3  5  86  181 
 3  6  31  198 
 3  7  43  61 
 3  8  150  158 
 3  9  103  132 
 3  10  165  229 
 3  11  73  230 
 3  12  84  221 
 3  13  66  214 
 3  14  49  138 
 3  15  136  160 
 3  16  45  102 
 3  17  124  196 
 3  18  26  58 
 3  19  104  201 
 3  20  29  36 
 3  21  163  225 
 3  22  239  241 
 3  23  111  170 
 3  30  106  135 
 3  32  63  125 
 3  33  53  171 
 3  34  197  246 
 3  35  191  232 
 3  37  69  94 
 3  38  172  205 
 3  39  91  207 
 3  40  129  233 
 3  41  220  248 
 3  42  90  202 
 3  44  51  56 
 3  46  113  141 
 3  47  234  237 
 3  48  168  199 
 3  50  174  217 
 3  52  101  184 
 3  54  117  204 
 3  55  70  95 
 3  57  140  206 
 3  59  200  203 
 3  60  118  143 
 3  62  211  222 
 3  64  151  169 
 3  65  212  224 
 3  67  81  121 
 3  68  85  116 
 3  71  131  182 
 3  72  89  231 
 3  74  112  216 
 3  75  78  114 
 3  76  120  188 
 3  77  115  127 
 3  79  139  144 
 3  80  149  223 
 3  82  147  152 
 3  83  88  249 
 3  87  119  227 
 3  92  180  187 
 3  96  130  247 
 3  97  166  244 
 3  98  126  236 
 3  99  164  193 
 3  100  146  228 
 3  105  195  238 
 3  107  190  208 
 3  108  148  173 
 3  109  142  162 
 3  110  123  178 
 3  133  176  242 
 3  134  177  183 
 3  137  185  209 
 3  145  167  192 
 3  154  155  159 
 3  156  157  179 
 3  161  194  243 
 3  175  215  219 
 3  26  186  210 
 3  49  240  245 
 3  0  43  163 
 3  1  100  224 
 3  2  30  218 
 3  3  90  152 
 3  4  13  67 
 3  5  42  228 
 3  6  114  210 
 3  7  76  184 
 3  8  22  68 
 3  9  88  120 
 3  10  183  231 
 3  11  188  219 
 3  12  94  110 
 3  14  171  178 
 3  15  28  196 
 3  16  130  245 
 3  17  161  169 
 3  18  104  106 
 3  19  24  162 
 3  20  63  102 
 3  21  80  194 
 3  23  47  155 
 3  25  119  174 
 3  27  159  236 
 3  29  109  128 
 3  31  125  164 
 3  32  97  177 
 3  33  147  249 
 3  34  60  95 
 3  35  82  166 
 3  36  115  189 
 3  37  150  203 
 3  38  62  204 
 3  39  59  199 
 3  40  79  111 
 3  41  214  246 
 3  44  50  238 
 3  45  103  198 
 3  46  73  212 
 3  48  225  232 
 3  51  91  123 
 3  52  105  220 
 3  53  156  216 
 3  54  56  85 
 3  55  181  222 
 3  57  71  235 
 3  58  101  137 
 3  61  135  146 
 3  64  99  172 
 3  65  96  179 
 3  66  197  215 
 3  69  107  160 
 3  70  139  217 
 3  72  122  211 
 3  74  81  83 
 3  75  92  190 
 3  77  173  247 
 3  78  132  180 
 3  84  144  187 
 3  86  200  226 
 3  87  209  244 
 3  89  133  205 
 3  93  126  127 
 3  98  116  136 
 3  108  118  229 
 3  112  170  230 
 3  113  167  176 
 3  117  134  192 
 3  121  142  154 
 3  124  149  193 
 3  129  141  175 
 3  131  153  157 
 3  138  168  202 
 3  140  207  233 
 3  143  148  241 
 3  145  165  213 
 3  151  221  227 
 3  158  237  243 
 3  182  201  248 
 3  185  206  239 
 3  186  195  242 
 3  191  208  223 
 3  16  80  234 
 3  109  124  240 
 3  0  127  158 
 3  1  33  34 
 3  2  99  160 
 3  3  65  140 
 3  4  75  210 
 3  5  142  199 
 3  6  67  197 
 3  7  143  225 
 3  8  56  201 
 3  9  105  118 
 3  10  170  204 
 3  11  59  182 
 3  12  15  176 
 3  13  28  146 
 3  14  82  208 
 3  17  83  216 
 3  18  100  145 
 3  19  20  122 
 3  21  212  245 
 3  22  64  178 
 3  23  213  236 
 3  24  112  221 
 3  25  144  215 
 3  26  50  226 
 3  27  108  134 
 3  29  119  131 
 3  30  70  186 
 3  31  161  203 
 3  32  151  223 
 3  35  37  96 
 3  36  121  141 
 3  38  55  230 
 3  39  49  232 
 3  40  72  88 
 3  41  114  126 
 3  42  51  180 
 3  43  93  102 
 3  44  106  166 
 3  45  125  174 
 3  46  68  69 
 3  47  111  205 
 3  48  209  238 
 3  52  173  227 
 3  53  183  246 
 3  54  171  179 
 3  57  219  237 
 3  58  133  220 
 3  60  117  123 
 3  61  78  85 
 3  62  120  193 
 3  63  89  228 
 3  66  116  217 
 3  71  115  149 
 3  73  154  192 
 3  74  101  167 
 3  76  128  242 
 3  77  190  229 
 3  79  155  207 
 3  81  165  195 
 3  84  113  136 
 3  86  169  249 
 3  87  138  189 
 3  90  150  156 
 3  91  163  172 
 3  92  206  248 
 3  94  168  235 
 3  95  103  162 
 3  97  196  239 
 3  98  243  244 
 3  104  157  241 
 3  107  132  198 
 3  110  164  181 
 3  129  137  247 
 3  130  139  177 
 3  135  200  214 
 3  147  188  224 
 3  148  152  233 
 3  153  159  231 
 3  175  184  191 
 3  185  218  234 
 3  187  222  240 
 3  194  202  211 
 3  0  44  133 
 3  1  52  226 
 3  2  56  74 
 3  3  37  59 
 3  4  174  234 
 3  5  12  95 
 3  6  228  232 
 3  7  186  215 
 3  8  143  233 
 3  9  136  173 
 3  10  64  222 
 3  11  61  79 
 3  13  68  219 
 3  14  45  108 
 3  15  94  199 
 3  16  76  144 
 3  17  127  224 
 3  18  140  195 
 3  19  87  109 
 3  20  161  211 
 3  21  104  193 
 3  22  28  82 
 3  23  57  131 
 3  24  107  227 
 3  25  39  92 
 3  26  150  214 
 3  27  41  240 
 3  29  97  202 
 3  30  213  237 
 3  31  65  91 
 3  32  172  239 
 3  33  60  196 
 3  34  152  225 
 3  35  73  99 
 3  36  90  247 
 3  38  53  134 
 3  40  80  248 
 3  42  54  67 
 3  43  77  189 
 3  46  125  149 
 3  47  206  223 
 3  48  51  148 
 3  49  162  198 
 3  50  191  216 
 3  55  93  243 
 3  58  72  103 
 3  62  115  124 
 3  63  130  165 
 3  66  167  171 
 3  69  177  209 
 3  70  138  244 
 3  71  180  221 
 3  75  204  212 
 3  78  102  208 
 3  81  179  241 
 3  83  128  231 
 3  84  164  249 
 3  85  123  141 
 3  86  145  203 
 3  88  129  218 
 3  89  132  163 
 3  96  142  207 
 3  98  159  169 
 3  100  106  235 
 3  101  151  201 
 3  105  176  246 
 3  110  155  166 
 3  111  122  153 
 3  112  194  205 
 3  113  137  187 
 3  114  121  181 
 3  116  117  197 
 3  118  158  168 
 3  119  135  183 
 3  120  190  220 
 3  126  160  184 
 3  139  146  236 
 3  147  182  185 
 3  154  217  229 
 3  156  178  238 
 3  157  175  188 
 3  170  200  210 
 3  192  242  245 
 3  20  21  230 
 3  0  7  103 
 3  1  104  210 
 3  2  37  234 
 3  3  123  169 
 3  4  35  150 
 3  5  117  200 
 3  6  13  202 
 3  8  54  155 
 3  9  122  197 
 3  10  166  182 
 3  11  16  87 
 3  12  58  242 
 3  14  64  170 
 3  15  72  118 
 3  17  105  226 
 3  18  128  147 
 3  19  160  230 
 3  22  63  174 
 3  23  41  175 
 3  24  110  224 
 3  25  51  212 
 3  26  66  181 
 3  27  36  124 
 3  28  102  115 
 3  29  69  243 
 3  30  165  228 
 3  31  138  222 
 3  32  78  82 
 3  33  113  163 
 3  34  57  194 
 3  38  140  218 
 3  39  135  142 
 3  40  139  215 
 3  42  186  236 
 3  43  56  60 
 3  44  177  244 
 3  45  137  149 
 3  46  67  157 
 3  47  48  208 
 3  49  99  161 
 3  50  107  134 
 3  52  90  192 
 3  53  101  235 
 3  55  89  190 
 3  59  207  247 
 3  61  73  98 
 3  62  154  168 
 3  65  74  111 
 3  68  95  185 
 3  70  129  130 
 3  71  158  225 
 3  75  120  229 
 3  76  79  178 
 3  77  81  191 
 3  80  148  164 
 3  83  153  227 
 3  84  126  233 
 3  85  184  245 
 3  86  119  156 
 3  88  199  213 
 3  91  162  219 
 3  92  93  221 
 3  94  109  173 
 3  96  116  193 
 3  97  114  241 
 3  100  127  206 
 3  106  176  220 
 3  108  136  216 
 3  112  132  246 
 3  121  172  204 
 3  125  232  238 
 3  131  144  209 
 3  133  187  231 
 3  141  179  240 
 3  143  195  198 
 3  145  146  188 
 3  151  211  249 
 3  152  167  214 
 3  159  183  189 
 3  171  237  239 
 3  180  196  223 
 3  201  203  205 
 3  4  217  248 
 3  0  208  243 
 3  1  32  188 
 3  2  3  34 
 3  5  23  73 
 3  6  14  52 
 3  7  152  241 
 3  8  74  192 
 3  9  90  225 
 3  10  55  160 
 3  11  127  240 
 3  12  170  237 
 3  13  39  175 
 3  15  40  120 
 3  16  117  231 
 3  17  183  203 
 3  18  81  123 
 3  19  43  246 
 3  20  30  37 
 3  21  101  156 
 3  22  110  171 
 3  24  31  126 
 3  25  45  138 
 3  26  53  133 
 3  27  178  216 
 3  28  199  204 
 3  29  83  159 
 3  33  149  181 
 3  35  89  218 
 3  36  96  200 
 3  38  164  213 
 3  41  66  201 
 3  42  168  247 
 3  44  84  236 
 3  46  48  151 
 3  47  72  119 
 3  49  107  169 
 3  50  155  205 
 3  51  61  210 
 3  54  113  125 
 3  56  124  163 
 3  57  78  207 
 3  58  140  224 
 3  59  82  145 
 3  60  94  144 
 3  62  64  132 
 3  63  230  233 
 3  65  106  209 
 3  67  88  158 
 3  68  98  197 
 3  69  165  179 
 3  70  122  161 
 3  71  79  245 
 3  75  148  191 
 3  76  186  194 
 3  77  80  202 
 3  85  214  239 
 3  86  116  190 
 3  87  128  222 
 3  91  97  195 
 3  92  173  196 
 3  93  174  242 
 3  95  193  215 
 3  99  109  217 
 3  100  115  211 
 3  102  105  146 
 3  103  121  238 
 3  104  228  235 
 3  108  189  212 
 3  111  187  206 
 3  112  147  180 
 3  114  134  143 
 3  118  177  248 
 3  129  162  220 
 3  130  176  185 
 3  131  141  154 
 3  135  182  234 
 3  136  184  229 
 3  137  153  167 
 3  139  198  227 
 3  142  219  226 
 3  150  223  244 
 3  157  166  249 
 3  172  232  237 
 3  105  127  221 
 3  0  125  155 
 3  1  140  245 
 3  2  83  154 
 3  3  50  95 
 3  4  57  93 
 3  5  184  247 
 3  6  28  121 
 3  7  26  59 
 3  8  41  206 
 3  9  52  212 
 3  10  45  239 
 3  11  124  169 
 3  12  132  168 
 3  13  156  201 
 3  14  102  222 
 3  15  109  138 
 3  16  88  119 
 3  17  116  240 
 3  18  135  157 
 3  19  107  248 
 3  20  48  234 
 3  21  147  186 
 3  22  85  231 
 3  23  70  81 
 3  24  53  145 
 3  25  191  233 
 3  27  86  111 
 3  29  99  213 
 3  30  69  80 
 3  31  189  214 
 3  32  64  106 
 3  33  137  197 
 3  34  73  84 
 3  35  51  192 
 3  36  78  226 
 3  37  202  208 
 3  38  175  179 
 3  39  117  227 
 3  40  210  232 
 3  42  160  174 
 3  43  115  221 
 3  44  114  139 
 3  46  133  216 
 3  47  100  136 
 3  49  224  243 
 3  54  148  211 
 3  55  167  220 
 3  56  126  195 
 3  58  77  228 
 3  60  113  131 
 3  61  151  177 
 3  62  172  190 
 3  63  118  162 
 3  65  68  203 
 3  66  144  225 
 3  67  129  223 
 3  71  130  163 
 3  72  171  230 
 3  74  217  241 
 3  75  199  205 
 3  76  134  200 
 3  79  87  149 
 3  82  104  120 
 3  89  110  112 
 3  90  96  187 
 3  91  153  193 
 3  92  158  242 
 3  94  198  229 
 3  97  161  188 
 3  98  196  246 
 3  101  142  176 
 3  103  164  178 
 3  108  185  236 
 3  122  150  152 
 3  123  128  180 
 3  141  182  194 
 3  143  215  244 
 3  146  181  238 
 3  159  166  207 
 3  165  183  249 
 3  170  173  209 
 3  204  218  235 
 3  170  219  231 
 3  0  126  248 
 3  1  41  68 
 3  2  29  180 
 3  3  47  96 
 3  4  44  156 
 3  5  31  97 
 3  6  57  146 
 3  7  174  181 
 3  8  30  141 
 3  9  95  151 
 3  10  54  122 
 3  11  111  209 
 3  12  205  247 
 3  13  50  165 
 3  14  142  200 
 3  15  74  164 
 3  16  150  168 
 3  17  58  157 
 3  18  78  118 
 3  19  114  188 
 3  20  93  121 
 3  21  240  242 
 3  22  43  136 
 3  23  222  223 
 3  24  103  215 
 3  25  115  154 
 3  26  124  125 
 3  27  91  129 
 3  28  153  245 
 3  32  94  175 
 3  33  140  229 
 3  34  40  71 
 3  35  38  152 
 3  36  75  87 
 3  37  158  179 
 3  39  52  187 
 3  42  77  98 
 3  45  55  178 
 3  46  117  208 
 3  48  162  185 
 3  49  56  137 
 3  51  191  194 
 3  53  90  184 
 3  59  224  233 
 3  60  132  186 
 3  61  134  214 
 3  62  81  101 
 3  63  67  219 
 3  64  221  234 
 3  65  79  107 
 3  66  202  216 
 3  69  133  135 
 3  70  106  131 
 3  72  116  123 
 3  73  92  110 
 3  76  108  238 
 3  80  105  171 
 3  82  85  213 
 3  83  201  211 
 3  84  226  239 
 3  86  139  244 
 3  88  104  195 
 3  89  176  183 
 3  99  120  197 
 3  100  148  177 
 3  102  113  169 
 3  109  218  241 
 3  112  144  210 
 3  119  230  237 
 3  127  207  249 
 3  128  192  227 
 3  130  161  204 
 3  138  193  203 
 3  143  199  228 
 3  145  149  235 
 3  147  189  190 
 3  155  198  232 
 3  159  206  246 
 3  160  196  212 
 3  163  166  173 
 3  167  172  243 
 3  182  217  220 
 3  225  234  236 
 3  0  96  184 
 3  1  125  187 
 3  2  66  169 
 3  3  113  199 
 3  4  23  121 
 3  5  26  146 
 3  6  15  92 
 3  7  185  232 
 3  8  46  223 
 3  9  37  154 
 3  10  65  133 
 3  11  54  167 
 3  12  152  194 
 3  13  35  101 
 3  14  107  139 
 3  16  175  217 
 3  17  118  228 
 3  18  44  111 
 3  19  200  242 
 3  20  162  240 
 3  21  88  145 
 3  22  243  249 
 3  24  74  209 
 3  25  57  170 
 3  27  48  224 
 3  28  77  91 
 3  29  39  205 
 3  30  138  163 
 3  31  42  93 
 3  32  158  183 
 3  33  45  213 
 3  34  188  222 
 3  36  81  201 
 3  38  216  238 
 3  40  68  235 
 3  41  115  129 
 3  43  182  244 
 3  47  135  193 
 3  49  112  229 
 3  50  119  128 
 3  51  160  206 
 3  52  147  195 
 3  53  67  106 
 3  55  155  221 
 3  56  69  218 
 3  58  99  180 
 3  59  150  172 
 3  60  83  136 
 3  61  117  211 
 3  62  85  230 
 3  63  212  248 
 3  64  124  197 
 3  70  137  173 
 3  71  156  237 
 3  72  104  161 
 3  73  100  191 
 3  75  130  239 
 3  76  126  177 
 3  78  97  105 
 3  79  132  142 
 3  80  109  196 
 3  82  89  174 
 3  84  159  179 
 3  86  103  153 
 3  87  123  186 
 3  90  157  220 
 3  94  143  226 
 3  95  110  141 
 3  98  122  208 
 3  102  116  192 
 3  108  127  247 
 3  114  140  225 
 3  120  131  204 
 3  134  148  210 
 3  144  178  227 
 3  149  168  236 
 3  151  164  190 
 3  165  198  246 
 3  166  189  241 
 3  171  231  233 
 3  176  219  245 
 3  181  203  215 
 3  202  207  214 
 3  0  90  177 
 3  1  69  158 
 3  2  44  64 
 3  3  165  236 
 3  4  110  153 
 3  5  106  188 
 3  6  141  184 
 3  7  178  206 
 3  8  29  96 
 3  9  60  209 
 3  10  27  187 
 3  11  55  137 
 3  12  74  196 
 3  13  87  125 
 3  14  42  242 
 3  15  113  186 
 3  16  82  111 
 3  17  103  130 
 3  18  37  210 
 3  19  49  72 
 3  20  119  226 
 3  21  168  228 
 3  22  56  227 
 3  23  30  123 
 3  24  211  239 
 3  25  124  247 
 3  26  183  202 
 3  28  132  223 
 3  31  53  185 
 3  32  197  205 
 3  33  95  175 
 3  34  97  138 
 3  35  57  135 
 3  36  68  131 
 3  38  156  248 
 3  39  215  249 
 3  40  115  118 
 3  41  100  102 
 3  43  79  222 
 3  45  139  176 
 3  46  171  180 
 3  47  159  244 
 3  48  73  80 
 3  50  169  241 
 3  51  99  174 
 3  52  84  229 
 3  54  62  66 
 3  58  181  194 
 3  59  63  170 
 3  61  147  163 
 3  65  204  214 
 3  67  127  191 
 3  70  154  235 
 3  71  190  218 
 3  75  143  234 
 3  76  201  217 
 3  77  133  193 
 3  78  145  232 
 3  81  105  112 
 3  83  109  160 
 3  85  134  224 
 3  86  149  220 
 3  88  108  151 
 3  89  116  150 
 3  91  107  238 
 3  92  161  219 
 3  93  98  198 
 3  94  114  221 
 3  101  173  212 
 3  104  128  243 
 3  117  155  157 
 3  120  142  172 
 3  121  237  240 
 3  122  207  245 
 3  126  208  213 
 3  129  140  189 
 3  136  152  179 
 3  144  192  203 
 3  146  164  233 
 3  148  216  246 
 3  162  166  195 
 3  167  182  231 
 3  199  225  230 
 3  55  200  215 
 3  0  51  72 
 3  1  31  35 
 3  2  67  110 
 3  3  17  19 
 3  4  76  83 
 3  5  21  177 
 3  6  54  214 
 3  7  198  218 
 3  8  42  88 
 3  9  25  196 
 3  10  93  238 
 3  11  49  148 
 3  12  225  245 
 3  13  113  237 
 3  14  101  159 
 3  15  86  197 
 3  16  30  221 
 3  18  65  202 
 3  20  53  69 
 3  22  78  123 
 3  23  143  201 
 3  24  104  149 
 3  26  81  160 
 3  27  146  162 
 3  28  138  151 
 3  29  194  209 
 3  32  91  121 
 3  33  77  136 
 3  34  116  163 
 3  36  158  182 
 3  37  87  89 
 3  38  84  206 
 3  39  58  170 
 3  40  96  152 
 3  41  157  212 
 3  43  66  232 
 3  44  45  175 
 3  46  130  150 
 3  47  70  242 
 3  48  195  226 
 3  50  102  231 
 3  52  144  205 
 3  56  95  118 
 3  57  178  243 
 3  59  112  249 
 3  60  73  105 
 3  61  187  216 
 3  62  103  189 
 3  63  145  186 
 3  64  111  129 
 3  68  128  188 
 3  71  106  127 
 3  74  155  220 
 3  75  135  165 
 3  79  137  154 
 3  80  168  179 
 3  82  125  176 
 3  85  133  223 
 3  90  117  180 
 3  92  184  244 
 3  94  147  246 
 3  97  185  211 
 3  98  107  234 
 3  99  122  222 
 3  100  120  233 
 3  108  126  131 
 3  109  174  200 
 3  114  230  239 
 3  115  183  236 
 3  119  164  191 
 3  124  181  199 
 3  132  204  228 
 3  134  153  203 
 3  139  156  208 
 3  140  235  247 
 3  141  190  210 
 3  142  192  213 
 3  161  167  248 
 3  166  229  240 
 3  169  173  207 
 3  171  172  193 
 3  217  224  227 
 3  154  219  241 
 3  0  67  213 
 3  1  79  206 
 3  2  60  189 
 3  3  97  104 
 3  4  36  155 
 3  5  7  34 
 3  6  18  24 
 3  8  94  99 
 3  9  115  160 
 3  10  129  176 
 3  11  139  211 
 3  12  138  173 
 3  13  124  136 
 3  14  21  75 
 3  15  169  223 
 3  16  152  153 
 3  17  45  242 
 3  19  90  243 
 3  20  56  88 
 3  22  48  61 
 3  23  32  150 
 3  25  28  230 
 3  26  69  239 
 3  27  29  168 
 3  30  96  225 
 3  31  163  174 
 3  33  49  93 
 3  35  102  205 
 3  37  54  192 
 3  38  72  220 
 3  39  95  218 
 3  40  83  86 
 3  41  161  195 
 3  42  74  246 
 3  43  125  196 
 3  44  188  228 
 3  46  179  247 
 3  47  103  105 
 3  50  126  232 
 3  51  178  203 
 3  52  53  148 
 3  55  101  187 
 3  57  186  244 
 3  58  184  248 
 3  59  120  167 
 3  62  159  194 
 3  63  78  217 
 3  64  182  207 
 3  65  110  177 
 3  66  122  130 
 3  68  157  158 
 3  70  180  233 
 3  71  133  164 
 3  73  204  249 
 3  76  219  235 
 3  77  112  172 
 3  80  119  209 
 3  81  92  109 
 3  82  140  222 
 3  84  108  215 
 3  85  107  131 
 3  87  197  214 
 3  89  118  224 
 3  91  134  240 
 3  98  114  144 
 3  100  117  236 
 3  106  170  202 
 3  111  128  241 
 3  113  166  210 
 3  116  142  185 
 3  121  123  175 
 3  127  147  198 
 3  132  149  216 
 3  135  208  231 
 3  137  145  234 
 3  141  151  237 
 3  143  181  190 
 3  146  156  191 
 3  162  193  245 
 3  165  226  238 
 3  171  183  201 
 3  199  212  229 
 3  130  200  221 
 3  152  227  237 
 3  0  212  217 
 3  1  25  169 
 3  2  46  142 
 3  3  52  234 
 3  4  99  167 
 3  5  102  109 
 3  6  219  249 
 3  7  41  196 
 3  8  106  157 
 3  9  55  195 
 3  10  151  235 
 3  11  36  238 
 3  12  141  203 
 3  13  184  192 
 3  14  182  221 
 3  15  38  69 
 3  16  138  154 
 3  17  66  177 
 3  18  45  231 
 3  19  70  97 
 3  20  74  236 
 3  21  160  189 
 3  22  79  96 
 3  23  26  165 
 3  24  64  245 
 3  27  43  153 
 3  28  68  244 
 3  29  62  94 
 3  30  132  178 
 3  31  171  232 
 3  32  84  111 
 3  33  125  156 
 3  34  44  47 
 3  35  81  230 
 3  37  91  159 
 3  39  120  144 
 3  40  175  246 
 3  42  112  197 
 3  48  214  222 
 3  49  139  204 
 3  50  87  150 
 3  51  164  179 
 3  53  107  223 
 3  54  129  163 
 3  56  135  239 
 3  57  67  183 
 3  58  83  213 
 3  59  188  226 
 3  60  82  121 
 3  61  76  95 
 3  63  166  172 
 3  65  173  215 
 3  71  206  220 
 3  72  108  140 
 3  73  180  208 
 3  75  128  162 
 3  77  116  209 
 3  78  90  193 
 3  80  198  233 
 3  85  155  227 
 3  86  113  247 
 3  88  205  229 
 3  89  119  186 
 3  92  133  228 
 3  93  137  216 
 3  98  146  240 
 3  100  218  242 
 3  101  115  185 
 3  103  170  176 
 3  104  124  202 
 3  105  149  248 
 3  110  127  143 
 3  114  190  194 
 3  117  126  148 
 3  118  207  210 
 3  122  134  187 
 3  123  147  158 
 3  131  145  224 
 3  136  199  201 
 3  161  168  225 
 3  174  211  241 
 3  92  181  243 
 3  49  191  200 
 3  0  6  98 
 3  1  131  149 
 3  2  150  236 
 3  3  33  211 
 3  4  129  203 
 3  5  74  130 
 3  7  119  192 
 3  8  26  191 
 3  9  15  44 
 3  10  124  244 
 3  11  30  104 
 3  12  21  241 
 3  13  69  180 
 3  14  96  177 
 3  16  32  230 
 3  17  40  128 
 3  18  56  79 
 3  19  123  222 
 3  20  64  133 
 3  22  91  235 
 3  23  71  85 
 3  24  109  187 
 3  25  35  87 
 3  27  45  212 
 3  28  145  159 
 3  29  116  238 
 3  31  86  178 
 3  34  144  245 
 3  36  72  199 
 3  37  42  226 
 3  38  43  117 
 3  39  99  137 
 3  41  136  183 
 3  46  112  120 
 3  47  80  97 
 3  48  67  176 
 3  50  142  242 
 3  51  65  152 
 3  52  138  194 
 3  53  166  193 
 3  54  101  134 
 3  55  153  229 
 3  57  60  88 
 3  58  148  186 
 3  59  107  141 
 3  61  164  165 
 3  62  200  234 
 3  63  157  206 
 3  66  179  218 
 3  68  161  217 
 3  70  73  78 
 3  75  188  223 
 3  76  110  221 
 3  77  184  197 
 3  81  90  172 
 3  82  224  247 
 3  83  143  147 
 3  84  185  231 
 3  89  173  210 
 3  93  160  171 
 3  94  121  248 
 3  95  115  126 
 3  100  208  214 
 3  102  228  246 
 3  103  108  207 
 3  105  162  216 
 3  106  198  205 
 3  111  201  220 
 3  113  168  215 
 3  114  156  196 
 3  118  163  204 
 3  122  182  243 
 3  125  127  227 
 3  132  175  181 
 3  135  170  174 
 3  139  140  239 
 3  146  189  209 
 3  151  232  240 
 3  154  202  233 
 3  155  158  195 
 3  167  237  249 
 3  169  190  219 
 3  213  225  228 
 3  0  23  60 
 3  1  156  222 
 3  2  138  204 
 3  3  81  244 
 3  4  77  124 
 3  5  148  209 
 3  6  17  136 
 3  7  32  140 
 3  8  67  225 
 3  9  18  50 
 3  10  76  248 
 3  11  157  233 
 3  12  29  56 
 3  13  54  154 
 3  14  15  37 
 3  16  134  237 
 3  19  96  194 
 3  20  58  197 
 3  21  82  195 
 3  22  75  109 
 3  24  165  201 
 3  25  183  217 
 3  26  128  135 
 3  27  191  213 
 3  28  99  212 
 3  30  40  174 
 3  31  116  127 
 3  33  52  117 
 3  34  170  172 
 3  35  104  187 
 3  36  173  186 
 3  38  88  193 
 3  39  73  111 
 3  41  65  103 
 3  42  80  133 
 3  43  161  164 
 3  44  87  180 
 3  45  70  221 
 3  46  118  219 
 3  47  98  150 
 3  48  106  190 
 3  49  163  230 
 3  51  53  93 
 3  55  113  130 
 3  57  89  227 
 3  59  79  122 
 3  61  171  220 
 3  62  218  249 
 3  63  114  167 
 3  64  94  105 
 3  66  139  145 
 3  68  83  241 
 3  69  144  184 
 3  71  107  181 
 3  72  155  185 
 3  74  120  224 
 3  78  86  176 
 3  84  175  211 
 3  85  91  125 
 3  90  112  238 
 3  92  182  235 
 3  95  203  210 
 3  97  143  231 
 3  100  215  245 
 3  101  214  216 
 3  102  196  206 
 3  108  137  168 
 3  110  158  199 
 3  115  141  166 
 3  119  207  236 
 3  121  147  159 
 3  123  126  198 
 3  129  179  205 
 3  131  226  243 
 3  132  177  192 
 3  142  146  223 
 3  149  208  240 
 3  151  178  229 
 3  152  188  189 
 3  153  169  239 
 3  160  162  234 
 3  200  202  246 
 3  175  232  247 
 3  84  234  242 
 3  0  99  202 
 3  1  65  247 
 3  2  178  215 
 3  3  127  137 
 3  4  131  223 
 3  5  75  105 
 3  6  49  158 
 3  7  45  74 
 3  8  17  119 
 3  9  40  109 
 3  10  148  189 
 3  11  57  147 
 3  12  124  204 
 3  13  31  107 
 3  14  90  214 
 3  15  193  235 
 3  16  85  95 
 3  18  138  246 
 3  19  94  153 
 3  20  24  242 
 3  21  159  185 
 3  22  135  229 
 3  23  36  117 
 3  25  44  146 
 3  26  46  126 
 3  27  87  200 
 3  28  53  187 
 3  29  101  108 
 3  30  111  134 
 3  32  56  130 
 3  33  120  122 
 3  34  211  228 
 3  35  132  233 
 3  37  169  218 
 3  38  136  226 
 3  39  188  245 
 3  41  199  222 
 3  42  141  163 
 3  43  92  237 
 3  47  112  125 
 3  48  79  177 
 3  50  62  113 
 3  51  67  100 
 3  52  156  183 
 3  54  116  133 
 3  55  69  96 
 3  58  73  171 
 3  59  97  121 
 3  60  166  205 
 3  61  89  244 
 3  63  93  231 
 3  64  155  208 
 3  66  128  195 
 3  68  152  173 
 3  70  164  220 
 3  71  160  224 
 3  72  76  150 
 3  77  106  168 
 3  78  98  140 
 3  80  102  176 
 3  81  162  180 
 3  82  227  243 
 3  83  174  196 
 3  86  115  225 
 3  88  114  118 
 3  91  201  236 
 3  103  157  194 
 3  104  144  154 
 3  110  232  248 
 3  123  172  210 
 3  129  165  191 
 3  139  209  241 
 3  142  186  190 
 3  143  192  249 
 3  145  216  219 
 3  149  167  203 
 3  151  184  213 
 3  161  181  230 
 3  170  179  182 
 3  197  212  240 
 3  198  206  238 
 3  207  221  239 
 3  17  149  217 
 3  0  47  239 
 3  1  113  197 
 3  2  191  211 
 3  3  5  92 
 3  4  244  247 
 3  6  189  227 
 3  7  65  155 
 3  8  66  123 
 3  9  159  220 
 3  10  141  180 
 3  11  138  242 
 3  12  101  127 
 3  13  90  120 
 3  14  26  34 
 3  15  152  157 
 3  16  49  105 
 3  18  150  248 
 3  19  44  206 
 3  20  187  241 
 3  21  169  226 
 3  22  50  147 
 3  23  69  99 
 3  24  55  235 
 3  25  32  232 
 3  27  85  188 
 3  28  114  125 
 3  29  145  170 
 3  30  57  109 
 3  31  77  103 
 3  33  72  168 
 3  35  111  143 
 3  36  136  176 
 3  37  126  181 
 3  38  51  78 
 3  39  64  217 
 3  40  100  107 
 3  41  194  208 
 3  42  84  219 
 3  43  81  89 
 3  45  79  193 
 3  46  108  153 
 3  48  95  204 
 3  52  102  213 
 3  53  76  195 
 3  54  207  222 
 3  56  158  198 
 3  58  88  178 
 3  59  166  223 
 3  60  68  229 
 3  61  175  190 
 3  62  96  129 
 3  63  135  210 
 3  67  203  243 
 3  70  134  230 
 3  71  142  174 
 3  73  106  146 
 3  74  115  161 
 3  75  171  177 
 3  80  87  98 
 3  82  117  221 
 3  83  112  214 
 3  86  196  199 
 3  91  104  245 
 3  93  163  236 
 3  94  139  228 
 3  97  156  182 
 3  110  186  192 
 3  116  132  167 
 3  118  154  218 
 3  119  122  148 
 3  121  128  225 
 3  124  238  249 
 3  130  172  179 
 3  131  202  240 
 3  133  151  162 
 3  137  164  212 
 3  140  185  246 
 3  144  160  183 
 3  165  209  234 
 3  173  201  237 
 3  184  200  233 
 3  205  224  231 
 3  68  215  216 
 3  0  157  234 
 3  1  64  152 
 3  2  27  244 
 3  3  112  203 
 3  4  96  115 
 3  5  149  232 
 3  6  45  58 
 3  7  104  191 
 3  8  194  231 
 3  9  80  141 
 3  10  83  195 
 3  11  26  207 
 3  12  219  236 
 3  13  78  177 
 3  14  118  189 
 3  15  29  48 
 3  16  84  224 
 3  17  153  204 
 3  18  162  200 
 3  19  66  174 
 3  20  202  243 
 3  21  55  238 
 3  22  57  144 
 3  23  218  227 
 3  24  51  63 
 3  25  89  216 
 3  28  33  235 
 3  30  211  229 
 3  31  186  247 
 3  32  95  246 
 3  34  50  230 
 3  35  59  193 
 3  36  54  170 
 3  37  72  85 
 3  38  81  145 
 3  39  46  206 
 3  40  73  147 
 3  41  52  86 
 3  42  140  155 
 3  43  108  135 
 3  44  123  164 
 3  47  67  210 
 3  49  70  176 
 3  53  109  228 
 3  56  71  159 
 3  60  62  75 
 3  61  114  142 
 3  65  121  220 
 3  69  100  103 
 3  74  132  137 
 3  76  97  223 
 3  77  105  150 
 3  79  94  148 
 3  82  113  179 
 3  87  151  226 
 3  88  110  240 
 3  90  93  161 
 3  91  173  187 
 3  92  185  205 
 3  98  119  222 
 3  99  128  129 
 3  101  163  245 
 3  102  172  248 
 3  106  125  182 
 3  107  158  197 
 3  111  166  171 
 3  116  188  199 
 3  117  133  160 
 3  120  178  213 
 3  122  239  242 
 3  124  184  217 
 3  126  136  221 
 3  127  168  181 
 3  130  201  241 
 3  131  138  156 
 3  134  190  225 
 3  139  175  214 
 3  143  196  208 
 3  146  167  198 
 3  154  180  237 
 3  165  192  215 
 3  169  183  212 
 3  209  233  249 
 3  0  54  210 
 3  1  101  190 
 3  2  131  155 
 3  3  115  207 
 3  4  62  79 
 3  5  37  46 
 3  6  50  96 
 3  7  160  197 
 3  8  31  249 
 3  9  138  231 
 3  10  47  95 
 3  11  17  78 
 3  12  183  226 
 3  13  208  218 
 3  14  67  163 
 3  15  77  90 
 3  16  129  166 
 3  18  51  107 
 3  19  165  227 
 3  20  118  137 
 3  21  105  199 
 3  22  127  202 
 3  23  45  92 
 3  24  70  87 
 3  25  116  139 
 3  26  174  220 
 3  27  136  215 
 3  28  117  178 
 3  29  74  235 
 3  30  124  164 
 3  32  38  39 
 3  33  86  102 
 3  34  93  143 
 3  35  68  242 
 3  36  58  145 
 3  40  66  184 
 3  41  185  229 
 3  42  150  225 
 3  43  53  217 
 3  44  55  179 
 3  48  85  120 
 3  49  80  146 
 3  52  103  142 
 3  56  113  216 
 3  57  161  238 
 3  59  94  187 
 3  60  108  211 
 3  61  232  241 
 3  63  109  239 
 3  64  81  204 
 3  65  89  153 
 3  69  134  170 
 3  71  222  230 
 3  72  110  169 
 3  73  173  213 
 3  75  158  172 
 3  76  147  162 
 3  82  156  171 
 3  83  152  177 
 3  84  189  198 
 3  88  106  149 
 3  91  233  246 
 3  97  125  167 
 3  98  123  132 
 3  99  194  223 
 3  100  133  196 
 3  104  126  234 
 3  111  119  140 
 3  112  141  181 
 3  114  159  247 
 3  121  192  214 
 3  122  175  200 
 3  128  236  240 
 3  130  219  243 
 3  135  144  212 
 3  148  237  248 
 3  151  182  205 
 3  154  188  209 
 3  157  176  228 
 3  168  191  245 
 3  180  186  193 
 3  195  206  224 
 3  118  201  244 
 3  123  203  221 
 3  0  81  242 
 3  1  21  53 
 3  2  184  232 
 3  3  150  233 
 3  4  11  224 
 3  5  24  157 
 3  6  75  221 
 3  7  25  126 
 3  8  82  165 
 3  9  189  205 
 3  10  119  127 
 3  12  116  214 
 3  13  74  203 
 3  14  238  239 
 3  15  135  147 
 3  16  99  201 
 3  17  43  44 
 3  18  59  89 
 3  19  113  155 
 3  20  151  215 
 3  22  47  120 
 3  23  172  176 
 3  26  206  249 
 3  27  196  227 
 3  28  41  97 
 3  29  137  148 
 3  30  105  240 
 3  31  67  192 
 3  32  54  245 
 3  33  56  173 
 3  34  39  132 
 3  35  46  246 
 3  36  133  195 
 3  37  143  163 
 3  38  129  202 
 3  40  76  166 
 3  42  86  193 
 3  45  109  235 
 3  48  103  247 
 3  49  108  213 
 3  50  52  219 
 3  51  115  156 
 3  55  104  111 
 3  57  80  225 
 3  58  144  159 
 3  60  112  171 
 3  61  149  174 
 3  62  117  237 
 3  63  139  200 
 3  64  78  88 
 3  65  87  160 
 3  66  91  168 
 3  68  170  226 
 3  69  114  161 
 3  70  229  234 
 3  71  178  204 
 3  72  93  100 
 3  73  145  220 
 3  77  142  210 
 3  79  216  217 
 3  83  162  183 
 3  84  124  131 
 3  85  197  211 
 3  90  125  191 
 3  92  153  222 
 3  94  107  209 
 3  95  158  167 
 3  96  180  181 
 3  98  106  194 
 3  101  140  175 
 3  102  186  207 
 3  110  134  152 
 3  121  228  243 
 3  122  190  223 
 3  128  177  218 
 3  130  164  199 
 3  136  244  248 
 3  138  187  188 
 3  141  146  241 
 3  154  185  230 
 3  169  179  236 
 3  182  208  212 
 3  134  198  231 
 3  0  116  121 
 3  1  62  151 
 3  2  78  224 
 3  3  147  167 
 3  4  54  135 
 3  5  182  211 
 3  6  55  217 
 3  7  10  82 
 3  8  102  238 
 3  9  32  46 
 3  11  192  247 
 3  12  181  197 
 3  13  26  103 
 3  14  65  150 
 3  15  127  148 
 3  16  136  232 
 3  17  138  159 
 3  18  149  158 
 3  19  191  218 
 3  20  51  233 
 3  21  72  234 
 3  22  44  220 
 3  23  28  139 
 3  24  155  168 
 3  25  122  241 
 3  27  110  206 
 3  29  30  156 
 3  31  85  106 
 3  33  98  174 
 3  34  90  195 
 3  35  91  144 
 3  36  185  207 
 3  37  164  177 
 3  38  92  143 
 3  39  50  200 
 3  40  126  237 
 3  41  187  219 
 3  42  69  189 
 3  43  114  119 
 3  45  56  107 
 3  47  180  243 
 3  48  88  157 
 3  49  193  196 
 3  52  113  245 
 3  53  153  170 
 3  57  202  222 
 3  58  79  117 
 3  59  61  229 
 3  60  160  226 
 3  63  100  209 
 3  64  76  246 
 3  66  67  89 
 3  68  112  163 
 3  70  104  239 
 3  71  111  213 
 3  73  133  221 
 3  74  215  225 
 3  75  97  145 
 3  77  140  214 
 3  80  165  203 
 3  81  178  248 
 3  83  105  161 
 3  84  141  223 
 3  86  131  171 
 3  87  96  172 
 3  93  101  154 
 3  94  184  249 
 3  95  108  142 
 3  99  179  208 
 3  109  169  198 
 3  115  199  227 
 3  118  132  235 
 3  120  128  194 
 3  123  146  231 
 3  124  175  201 
 3  125  130  236 
 3  129  190  230 
 3  137  183  244 
 3  152  166  242 
 3  162  173  205 
 3  176  186  204 
 3  176  188  210 
 3  47  212  216 
 3  24  228  240 
 3  0  55  77 
 3  1  15  49 
 3  2  50  196 
 3  3  84  192 
 3  4  104  146 
 3  5  94  180 
 3  6  83  87 
 3  7  63  234 
 3  8  195  243 
 3  9  76  86 
 3  10  108  206 
 3  11  42  103 
 3  12  18  175 
 3  13  58  215 
 3  14  112  245 
 3  16  33  220 
 3  17  79  131 
 3  19  111  138 
 3  20  115  172 
 3  21  107  246 
 3  22  30  188 
 3  23  25  29 
 3  26  117  189 
 3  27  39  147 
 3  28  93  105 
 3  31  51  140 
 3  32  73  89 
 3  34  82  129 
 3  35  45  54 
 3  36  127  228 
 3  37  53  205 
 3  38  122  236 
 3  40  113  238 
 3  41  130  184 
 3  43  159  213 
 3  44  142  237 
 3  46  74  178 
 3  48  78  160 
 3  52  68  155 
 3  56  139  157 
 3  57  210  214 
 3  59  125  198 
 3  60  97  165 
 3  61  66  150 
 3  62  116  177 
 3  64  153  240 
 3  65  217  225 
 3  67  148  235 
 3  69  126  169 
 3  70  98  209 
 3  71  110  201 
 3  72  133  233 
 3  75  154  197 
 3  80  88  90 
 3  81  166  239 
 3  85  128  187 
 3  91  167  181 
 3  92  102  152 
 3  95  179  232 
 3  96  132  249 
 3  99  185  241 
 3  100  162  207 
 3  101  182  230 
 3  106  158  222 
 3  109  149  161 
 3  114  204  223 
 3  118  136  156 
 3  119  219  224 
 3  120  124  174 
 3  121  199  221 
 3  123  190  247 
 3  134  144  151 
 3  135  137  186 
 3  141  200  229 
 3  143  170  248 
 3  145  164  171 
 3  163  183  211 
 3  168  226  231 
 3  173  216  244 
 3  191  227  242 
 3  193  202  218 
 3  194  203  212 
 3  53  89  208 
 3  0  16  21 
 3  1  105  166 
 3  2  149  213 
 3  3  69  73 
 3  4  70  118 
 3  5  110  138 
 3  6  107  174 
 3  7  67  244 
 3  8  11  198 
 3  9  184  211 
 3  10  14  29 
 3  12  13  163 
 3  15  132  236 
 3  17  102  104 
 3  18  197  204 
 3  19  76  129 
 3  20  106  221 
 3  22  187  210 
 3  23  43  72 
 3  24  141  164 
 3  25  131  178 
 3  26  56  179 
 3  27  109  177 
 3  28  47  238 
 3  30  155  190 
 3  31  145  191 
 3  32  100  170 
 3  33  97  206 
 3  34  175  205 
 3  35  83  172 
 3  36  41  144 
 3  37  133  214 
 3  38  44  80 
 3  39  78  94 
 3  40  93  202 
 3  42  182  200 
 3  45  71  171 
 3  46  50  57 
 3  48  84  246 
 3  49  51  117 
 3  52  79  186 
 3  54  176  217 
 3  55  114  146 
 3  58  91  230 
 3  59  85  113 
 3  60  77  120 
 3  61  124  128 
 3  62  134  248 
 3  63  188  192 
 3  64  86  228 
 3  65  143  168 
 3  66  156  160 
 3  68  130  234 
 3  74  125  185 
 3  75  119  245 
 3  81  159  216 
 3  82  139  233 
 3  87  92  249 
 3  88  150  243 
 3  90  115  151 
 3  95  98  137 
 3  96  201  223 
 3  99  111  207 
 3  101  218  231 
 3  103  199  219 
 3  108  122  196 
 3  112  140  153 
 3  116  157  237 
 3  121  212  247 
 3  123  167  224 
 3  126  183  235 
 3  127  135  162 
 3  136  169  195 
 3  142  215  227 
 3  147  209  229 
 3  148  181  242 
 3  152  208  222 
 3  154  193  220 
 3  158  161  232 
 3  165  180  225 
 3  173  189  194 
 3  203  226  240 
 3  151  236  239 
 3  78  181  241 
 3  0  1  56 
 3  2  134  202 
 3  3  49  189 
 3  4  101  125 
 3  5  76  118 
 3  6  180  190 
 3  7  123  228 
 3  8  25  111 
 3  9  108  143 
 3  10  62  138 
 3  11  100  140 
 3  12  39  121 
 3  13  19  171 
 3  14  44  217 
 3  15  209  210 
 3  16  63  235 
 3  17  18  194 
 3  20  112  173 
 3  21  65  164 
 3  22  105  159 
 3  23  152  184 
 3  24  33  216 
 3  26  90  167 
 3  27  73  186 
 3  28  46  154 
 3  29  106  218 
 3  30  191  238 
 3  31  139  150 
 3  32  153  163 
 3  34  52  64 
 3  35  61  196 
 3  36  37  45 
 3  38  85  130 
 3  40  51  132 
 3  41  127  203 
 3  42  109  165 
 3  43  84  122 
 3  47  110  175 
 3  48  89  147 
 3  50  99  249 
 3  53  74  102 
 3  54  160  243 
 3  55  66  131 
 3  57  113  233 
 3  58  75  211 
 3  59  137  225 
 3  60  187  193 
 3  67  205  230 
 3  68  119  124 
 3  69  221  222 
 3  70  208  227 
 3  71  86  97 
 3  72  183  239 
 3  77  129  200 
 3  79  104  197 
 3  80  188  207 
 3  81  213  226 
 3  82  212  214 
 3  83  92  169 
 3  87  120  242 
 3  88  144  155 
 3  91  224  244 
 3  93  135  192 
 3  94  158  204 
 3  95  116  219 
 3  96  176  206 
 3  98  172  231 
 3  103  223  240 
 3  107  182  232 
 3  114  177  198 
 3  115  136  237 
 3  117  161  201 
 3  126  128  215 
 3  133  149  245 
 3  141  156  195 
 3  142  179  220 
 3  145  174  247 
 3  146  170  229 
 3  148  157  185 
 3  162  168  248 
 3  166  199  234 
 3  178  241  246 
 3  0  8  230 
 3  1  59  239 
 3  2  10  118 
 3  3  82  124 
 3  4  56  72 
 3  5  60  79 
 3  6  111  194 
 3  7  151  179 
 3  9  61  83 
 3  11  20  95 
 3  12  128  139 
 3  13  119  217 
 3  14  117  210 
 3  15  39  165 
 3  16  86  110 
 3  17  46  173 
 3  18  167  170 
 3  19  45  52 
 3  21  32  40 
 3  22  129  221 
 3  23  141  247 
 3  24  80  232 
 3  25  43  73 
 3  26  51  64 
 3  27  63  154 
 3  28  34  38 
 3  29  150  163 
 3  30  48  180 
 3  31  104  215 
 3  33  89  193 
 3  35  112  212 
 3  36  94  134 
 3  37  152  198 
 3  41  90  116 
 3  42  177  249 
 3  44  240  241 
 3  47  54  69 
 3  49  145  184 
 3  50  162  176 
 3  53  96  242 
 3  55  85  142 
 3  57  105  205 
 3  58  100  182 
 3  62  181  246 
 3  65  195  237 
 3  66  178  211 
 3  67  84  97 
 3  68  214  231 
 3  70  125  188 
 3  71  157  196 
 3  74  200  248 
 3  75  98  203 
 3  76  91  143 
 3  77  171  186 
 3  78  222  228 
 3  81  88  137 
 3  87  166  201 
 3  92  172  191 
 3  93  155  204 
 3  99  189  235 
 3  101  225  244 
 3  102  106  123 
 3  103  156  236 
 3  107  109  122 
 3  108  132  146 
 3  113  234  243 
 3  114  130  149 
 3  115  138  218 
 3  120  133  169 
 3  121  209  213 
 3  126  144  223 
 3  127  153  183 
 3  131  136  168 
 3  135  148  175 
 3  140  158  160 
 3  147  233  238 
 3  159  197  202 
 3  161  185  227 
 3  164  206  219 
 3  174  208  226 
 3  187  220  245 
 3  190  192  199 
 3  207  216  224 
 3  63  229  237 
 3  0  27  95 
 3  1  3  249 
 3  2  54  174 
 3  4  166  191 
 3  5  10  115 
 3  6  70  199 
 3  7  94  242 
 3  8  113  203 
 3  9  139  222 
 3  11  155  177 
 3  12  151  157 
 3  13  104  246 
 3  14  100  240 
 3  15  98  219 
 3  16  126  200 
 3  17  24  188 
 3  18  101  164 
 3  19  105  132 
 3  20  79  108 
 3  21  122  202 
 3  22  74  232 
 3  23  82  185 
 3  25  86  161 
 3  26  120  121 
 3  28  39  214 
 3  29  193  221 
 3  30  143  154 
 3  31  135  190 
 3  32  123  173 
 3  33  71  84 
 3  34  110  234 
 3  35  44  141 
 3  36  91  223 
 3  37  51  183 
 3  38  77  217 
 3  40  134  241 
 3  41  197  216 
 3  42  107  196 
 3  43  57  83 
 3  45  47  184 
 3  46  53  239 
 3  48  90  236 
 3  49  130  156 
 3  50  73  116 
 3  52  97  243 
 3  55  144  194 
 3  56  59  235 
 3  58  160  227 
 3  60  148  208 
 3  61  68  225 
 3  62  87  88 
 3  64  93  175 
 3  65  114  171 
 3  66  129  238 
 3  67  198  204 
 3  69  117  181 
 3  72  131  167 
 3  75  142  178 
 3  76  106  152 
 3  78  96  215 
 3  80  140  231 
 3  81  146  207 
 3  85  170  233 
 3  89  138  149 
 3  92  226  245 
 3  99  186  218 
 3  102  125  244 
 3  103  124  230 
 3  109  209  248 
 3  111  158  159 
 3  112  128  133 
 3  118  169  220 
 3  119  136  182 
 3  127  172  213 
 3  137  165  189 
 3  145  147  206 
 3  150  176  212 
 3  153  179  228 
 3  162  224  229 
 3  163  180  210 
 3  168  192  211 
 3  187  201  247 
 3  2  195  205 
 3  0  175  236 
 3  1  108  119 
 3  3  23  56 
 3  4  122  219 
 3  5  53  131 
 3  6  34  147 
 3  7  52  114 
 3  8  164  174 
 3  9  194  221 
 3  10  126  209 
 3  11  179  185 
 3  12  166  216 
 3  13  157  200 
 3  14  195  244 
 3  15  57  91 
 3  16  75  139 
 3  17  92  120 
 3  18  48  169 
 3  19  193  212 
 3  20  163  190 
 3  21  59  181 
 3  22  142  217 
 3  24  208  229 
 3  25  69  127 
 3  26  137  211 
 3  27  30  90 
 3  28  37  160 
 3  29  77  165 
 3  31  94  167 
 3  32  213  214 
 3  33  62  70 
 3  35  79  203 
 3  36  235  249 
 3  38  138  144 
 3  39  198  224 
 3  40  146  230 
 3  41  223  232 
 3  42  72  73 
 3  43  149  210 
 3  44  159  199 
 3  45  60  170 
 3  46  80  155 
 3  47  183  191 
 3  49  58  172 
 3  50  98  247 
 3  51  103  129 
 3  54  109  136 
 3  55  132  205 
 3  61  102  121 
 3  63  65  116 
 3  64  67  117 
 3  66  88  154 
 3  68  81  134 
 3  71  76  151 
 3  74  107  168 
 3  78  186  231 
 3  82  101  178 
 3  83  145  226 
 3  84  105  245 
 3  85  228  237 
 3  86  182  202 
 3  87  143  161 
 3  89  95  104 
 3  93  123  153 
 3  96  106  233 
 3  97  128  176 
 3  99  124  177 
 3  100  184  239 
 3  110  115  220 
 3  111  188  196 
 3  112  152  240 
 3  113  140  156 
 3  118  215  243 
 3  125  246  248 
 3  130  187  225 
 3  133  158  234 
 3  135  141  150 
 3  148  192  197 
 3  162  171  189 
 3  173  204  206 
 3  180  207  218 
 3  201  222  242 
 3  227  238  241 
 3  0  64  140 
 3  1  5  218 
 3  2  38  239 
 3  3  120  126 
 3  4  108  208 
 3  6  46  233 
 3  7  40  216 
 3  8  144  167 
 3  9  164  242 
 3  10  109  139 
 3  11  25  176 
 3  12  131  148 
 3  13  93  118 
 3  14  110  236 
 3  15  162  182 
 3  16  55  61 
 3  17  185  199 
 3  18  86  227 
 3  19  145  225 
 3  20  66  244 
 3  21  81  133 
 3  22  112  183 
 3  23  24  231 
 3  26  27  235 
 3  28  87  111 
 3  29  141  189 
 3  30  220  224 
 3  31  84  137 
 3  32  206  215 
 3  33  188  203 
 3  34  54  181 
 3  35  95  125 
 3  36  70  174 
 3  37  172  194 
 3  39  127  157 
 3  41  43  76 
 3  42  136  151 
 3  44  154  169 
 3  45  160  190 
 3  47  200  217 
 3  48  92  230 
 3  49  53  143 
 3  50  149  187 
 3  51  196  232 
 3  52  98  175 
 3  56  180  211 
 3  57  103  177 
 3  58  234  247 
 3  59  146  243 
 3  60  104  135 
 3  62  78  100 
 3  63  156  202 
 3  65  193  248 
 3  67  130  166 
 3  68  102  191 
 3  69  82  90 
 3  71  96  226 
 3  72  113  165 
 3  73  124  245 
 3  74  159  186 
 3  75  222  246 
 3  77  170  207 
 3  79  119  121 
 3  80  83  238 
 3  85  94  205 
 3  88  89  212 
 3  91  150  161 
 3  97  210  213 
 3  99  204  229 
 3  101  138  192 
 3  105  178  198 
 3  106  107  240 
 3  114  116  147 
 3  115  142  184 
 3  117  153  173 
 3  122  221  249 
 3  123  168  237 
 3  128  179  219 
 3  129  132  171 
 3  134  195  201 
 3  152  163  228 
 3  155  214  241 
 3  128  158  223 
 3  145  197  209 
 3  0  34  130 
 3  1  89  196 
 3  2  106  143 
 3  3  54  231 
 3  4  120  236 
 3  5  154  198 
 3  6  93  181 
 3  7  53  73 
 3  8  105  232 
 3  9  208  241 
 3  10  134  161 
 3  11  110  172 
 3  12  49  234 
 3  13  29  121 
 3  14  25  40 
 3  15  67  153 
 3  16  187  249 
 3  17  55  245 
 3  18  122  125 
 3  19  140  228 
 3  20  136  141 
 3  21  83  103 
 3  22  88  223 
 3  23  37  207 
 3  24  115  123 
 3  26  47  246 
 3  27  142  156 
 3  28  51  239 
 3  30  117  175 
 3  31  43  248 
 3  32  157  195 
 3  33  87  155 
 3  35  85  159 
 3  36  191  215 
 3  38  75  150 
 3  39  97  183 
 3  41  50  138 
 3  42  171  244 
 3  44  66  71 
 3  45  189  247 
 3  46  152  221 
 3  48  99  113 
 3  52  92  188 
 3  56  84  102 
 3  57  63  72 
 3  58  114  200 
 3  59  158  210 
 3  60  178  214 
 3  61  226  227 
 3  62  192  212 
 3  64  193  213 
 3  65  119  235 
 3  68  94  220 
 3  69  225  233 
 3  70  147  240 
 3  74  79  218 
 3  76  98  205 
 3  77  222  243 
 3  78  204  209 
 3  80  91  118 
 3  81  126  203 
 3  82  202  229 
 3  86  95  132 
 3  90  104  163 
 3  96  186  238 
 3  100  108  219 
 3  101  160  199 
 3  107  124  179 
 3  109  206  216 
 3  111  176  224 
 3  112  177  182 
 3  116  149  151 
 3  127  129  164 
 3  131  173  211 
 3  133  137  174 
 3  135  139  201 
 3  144  168  230 
 3  146  197  242 
 3  148  166  169 
 3  162  167  190 
 3  165  170  185 
 3  34  180  217 
 3  184  194  237 
 3  0  218  245 
 3  1  8  24 
 3  2  172  233 
 3  3  28  44 
 3  4  69  81 
 3  5  160  241 
 3  6  9  191 
 3  7  68  142 
 3  10  152  202 
 3  11  85  232 
 3  12  180  222 
 3  13  16  59 
 3  14  46  89 
 3  15  54  194 
 3  17  106  110 
 3  18  98  163 
 3  19  127  223 
 3  20  176  205 
 3  21  138  236 
 3  22  121  139 
 3  23  62  214 
 3  25  65  129 
 3  26  144  228 
 3  27  140  169 
 3  29  40  87 
 3  30  200  201 
 3  31  49  111 
 3  32  181  235 
 3  33  107  204 
 3  35  136  198 
 3  36  175  197 
 3  37  88  182 
 3  38  167  195 
 3  39  43  240 
 3  41  154  156 
 3  42  60  231 
 3  45  114  179 
 3  47  61  63 
 3  48  108  133 
 3  50  213  239 
 3  51  94  162 
 3  52  134  216 
 3  53  72  221 
 3  55  116  244 
 3  56  100  101 
 3  57  184  209 
 3  58  78  147 
 3  64  66  75 
 3  67  82  95 
 3  70  211  215 
 3  71  103  123 
 3  73  143  227 
 3  74  86  187 
 3  76  131  135 
 3  77  153  155 
 3  79  118  126 
 3  80  115  224 
 3  83  168  207 
 3  84  93  99 
 3  90  109  246 
 3  91  117  185 
 3  92  148  217 
 3  96  188  190 
 3  97  113  164 
 3  102  158  193 
 3  104  166  174 
 3  105  124  208 
 3  112  225  248 
 3  119  120  157 
 3  122  151  159 
 3  125  199  237 
 3  128  229  238 
 3  130  137  210 
 3  132  203  219 
 3  141  183  206 
 3  145  177  243 
 3  146  220  247 
 3  149  226  230 
 3  150  192  234 
 3  161  171  249 
 3  165  178  186 
 3  170  212  242 
 3  48  121  173 
 3  34  189  196 
 3  0  154  203 
 3  1  78  111 
 3  2  185  186 
 3  3  139  184 
 3  4  64  160 
 3  5  33  141 
 3  6  71  74 
 3  7  28  188 
 3  8  37  83 
 3  9  129  149 
 3  10  19  81 
 3  11  45  98 
 3  12  70  142 
 3  13  144  191 
 3  14  169  181 
 3  15  73  239 
 3  16  36  52 
 3  17  42  115 
 3  18  198  249 
 3  20  131  229 
 3  21  146  187 
 3  22  60  225 
 3  23  162  164 
 3  24  26  77 
 3  25  103  179 
 3  27  76  92 
 3  29  54  153 
 3  30  206  210 
 3  31  50  236 
 3  32  137  143 
 3  35  118  173 
 3  38  119  247 
 3  39  130  226 
 3  40  151  189 
 3  41  95  233 
 3  43  167  204 
 3  44  110  183 
 3  46  58  61 
 3  47  128  148 
 3  49  85  124 
 3  51  101  170 
 3  53  214  215 
 3  55  152  224 
 3  56  205  221 
 3  57  157  201 
 3  59  75  127 
 3  62  99  178 
 3  63  132  245 
 3  65  88  196 
 3  66  94  155 
 3  67  120  156 
 3  68  114  193 
 3  69  235  240 
 3  72  82  242 
 3  79  100  223 
 3  80  177  222 
 3  84  217  230 
 3  86  91  112 
 3  87  135  218 
 3  89  93  248 
 3  90  126  182 
 3  96  113  159 
 3  97  147  192 
 3  102  107  133 
 3  104  145  227 
 3  105  134  172 
 3  106  231  238 
 3  108  125  138 
 3  109  180  219 
 3  116  211  212 
 3  117  194  213 
 3  122  158  176 
 3  123  165  216 
 3  136  150  209 
 3  140  202  234 
 3  161  207  237 
 3  163  232  246 
 3  166  200  220 
 3  168  174  175 
 3  171  195  199 
 3  190  197  244 
 3  43  75  208 
 3  37  186  228 
 3  27  241  243 
 3  0  102  233 
 3  1  95  121 
 3  2  84  103 
 3  3  30  110 
 3  4  172  185 
 3  5  108  240 
 3  6  11  40 
 3  7  20  223 
 3  8  89  213 
 3  9  142  145 
 3  10  125  140 
 3  12  67  114 
 3  13  86  238 
 3  14  33  41 
 3  15  17  97 
 3  16  149  218 
 3  18  184  215 
 3  19  31  38 
 3  21  45  165 
 3  22  42  237 
 3  23  79  239 
 3  24  73  200 
 3  25  164  189 
 3  26  48  119 
 3  28  81  135 
 3  29  66  120 
 3  32  104  167 
 3  34  36  162 
 3  35  94  225 
 3  39  47  196 
 3  44  168  182 
 3  46  77  101 
 3  49  177  207 
 3  50  153  214 
 3  51  144  224 
 3  52  160  236 
 3  53  124  226 
 3  54  90  107 
 3  55  87  199 
 3  56  147  178 
 3  57  195  217 
 3  58  93  191 
 3  59  96  208 
 3  60  133  150 
 3  61  193  197 
 3  62  152  245 
 3  63  137  243 
 3  64  174  235 
 3  65  190  227 
 3  68  80  204 
 3  69  136  202 
 3  70  126  187 
 3  71  241  247 
 3  72  138  198 
 3  74  148  163 
 3  76  183  229 
 3  78  155  169 
 3  82  99  105 
 3  83  113  171 
 3  85  122  181 
 3  88  128  232 
 3  91  234  248 
 3  92  116  129 
 3  98  100  158 
 3  106  109  118 
 3  111  180  216 
 3  112  117  166 
 3  115  143  146 
 3  123  154  194 
 3  127  161  179 
 3  130  192  244 
 3  131  188  221 
 3  132  176  201 
 3  134  141  212 
 3  139  205  220 
 3  151  210  219 
 3  156  159  175 
 3  157  170  203 
 3  173  222  231 
 3  206  209  211 
 3  228  230  249 
 3  153  242  246 
 3  0  156  194 
 3  1  14  97 
 3  2  115  116 
 3  3  129  208 
 3  4  95  213 
 3  5  25  88 
 3  6  137  224 
 3  7  83  212 
 3  8  190  246 
 3  9  48  54 
 3  10  24  121 
 3  11  29  31 
 3  12  47  187 
 3  13  133  226 
 3  15  172  189 
 3  16  57  171 
 3  17  21  166 
 3  18  94  120 
 3  19  74  82 
 3  20  157  177 
 3  22  62  130 
 3  23  33  217 
 3  26  84  154 
 3  27  119  151 
 3  28  247  249 
 3  30  144  239 
 3  32  35  142 
 3  34  68  76 
 3  36  61  101 
 3  37  44  122 
 3  38  155  186 
 3  39  51  229 
 3  40  65  169 
 3  41  58  139 
 3  42  111  148 
 3  43  197  231 
 3  45  87  243 
 3  46  114  158 
 3  49  165  181 
 3  50  110  245 
 3  52  66  72 
 3  53  160  163 
 3  55  67  108 
 3  56  161  191 
 3  59  98  162 
 3  60  138  210 
 3  63  106  215 
 3  64  69  145 
 3  70  102  198 
 3  71  124  141 
 3  73  127  238 
 3  75  86  147 
 3  77  178  237 
 3  78  174  218 
 3  79  112  143 
 3  80  182  192 
 3  81  107  117 
 3  85  135  222 
 3  89  195  203 
 3  90  92  118 
 3  91  184  216 
 3  93  159  227 
 3  96  149  196 
 3  99  132  140 
 3  100  125  230 
 3  103  128  204 
 3  104  214  236 
 3  105  164  211 
 3  109  168  220 
 3  113  200  228 
 3  123  152  223 
 3  126  146  176 
 3  131  179  199 
 3  134  219  244 
 3  136  180  234 
 3  150  173  235 
 3  167  183  233 
 3  170  201  206 
 3  175  221  242 
 3  121  185  193 
 3  188  205  225 
 3  32  202  248 
 3  207  209  232 
 3  51  76  240 
 3  103  112  241 
 3  0  160  191 
 3  1  170  195 
 3  2  130  203 
 3  3  71  144 
 3  4  212  243 
 3  5  123  161 
 3  6  73  79 
 3  7  93  124 
 3  8  138  175 
 3  9  41  67 
 3  10  75  217 
 3  11  97  249 
 3  12  17  248 
 3  13  14  145 
 3  15  23  181 
 3  16  83  108 
 3  18  64  87 
 3  19  53  238 
 3  20  98  232 
 3  21  78  197 
 3  22  158  200 
 3  24  86  154 
 3  25  211  213 
 3  26  148  219 
 3  27  52  115 
 3  28  104  231 
 3  29  89  178 
 3  30  146  171 
 3  31  57  204 
 3  33  35  153 
 3  34  92  107 
 3  36  105  125 
 3  37  155  173 
 3  38  60  198 
 3  39  82  141 
 3  40  58  163 
 3  42  56  164 
 3  43  156  176 
 3  44  196  209 
 3  45  95  199 
 3  46  110  140 
 3  47  81  236 
 3  48  186  189 
 3  49  149  237 
 3  50  61  137 
 3  54  106  172 
 3  55  122  227 
 3  59  99  192 
 3  62  233  235 
 3  63  117  187 
 3  65  101  246 
 3  66  147  247 
 3  68  96  151 
 3  69  193  206 
 3  70  88  179 
 3  72  80  226 
 3  74  77  183 
 3  84  90  127 
 3  85  182  242 
 3  91  139  169 
 3  94  118  208 
 3  100  180  202 
 3  102  184  241 
 3  109  131  190 
 3  111  120  244 
 3  113  174  225 
 3  114  136  245 
 3  116  216  234 
 3  119  177  215 
 3  126  168  205 
 3  128  150  230 
 3  129  143  207 
 3  132  220  229 
 3  133  159  167 
 3  134  194  222 
 3  135  221  223 
 3  142  224  228 
 3  152  162  165 
 3  157  210  218 
 3  166  185  188 
 3  201  214  240 
 3  89  191  239 
 3  0  65  199 
 3  1  81  118 
 3  2  53  167 
 3  3  100  111 
 3  4  48  116 
 3  5  19  213 
 3  6  35  238 
 3  7  60  217 
 3  8  78  84 
 3  9  82  246 
 3  10  112  114 
 3  11  33  58 
 3  12  32  136 
 3  13  129  150 
 3  14  18  113 
 3  15  101  166 
 3  16  93  109 
 3  17  171  207 
 3  20  154  214 
 3  21  86  188 
 3  22  59  173 
 3  23  31  229 
 3  24  194  244 
 3  25  52  130 
 3  26  216  225 
 3  27  88  221 
 3  28  163  200 
 3  29  174  190 
 3  30  122  157 
 3  34  99  215 
 3  36  98  184 
 3  37  134  137 
 3  38  104  222 
 3  39  40  110 
 3  41  186  230 
 3  42  119  142 
 3  43  170  249 
 3  44  148  178 
 3  45  85  208 
 3  46  75  79 
 3  47  76  107 
 3  49  121  219 
 3  50  70  91 
 3  51  90  124 
 3  54  151  202 
 3  55  159  223 
 3  56  156  197 
 3  57  176  203 
 3  61  74  96 
 3  62  206  231 
 3  63  175  193 
 3  64  205  233 
 3  66  106  239 
 3  67  71  165 
 3  68  133  237 
 3  69  139  196 
 3  72  152  180 
 3  73  94  160 
 3  77  87  95 
 3  80  126  228 
 3  83  135  248 
 3  92  138  195 
 3  97  168  201 
 3  102  240  247 
 3  103  117  131 
 3  105  153  177 
 3  108  162  232 
 3  115  132  187 
 3  120  179  234 
 3  123  140  144 
 3  125  145  212 
 3  127  220  235 
 3  128  155  224 
 3  141  192  204 
 3  143  149  185 
 3  146  169  182 
 3  147  164  227 
 3  158  181  236 
 3  161  198  210 
 3  172  211  226 
 3  183  242  243 
 3  139  189  218 
 3  95  209  224 
 3  15  216  241 
 3  41  137  245 
 3  0  215  220 
 3  1  92  127 
 3  2  6  69 
 3  3  51  125 
 3  4  114  205 
 3  5  56  64 
 3  7  100  134 
 3  8  44  59 
 3  9  10  21 
 3  11  84  162 
 3  12  209  240 
 3  13  126  164 
 3  14  130  135 
 3  16  106  213 
 3  17  37  148 
 3  18  165  230 
 3  19  89  159 
 3  20  28  72 
 3  22  31  146 
 3  23  101  107 
 3  24  81  111 
 3  25  108  112 
 3  26  80  218 
 3  27  61  231 
 3  29  49  217 
 3  30  47  194 
 3  32  160  204 
 3  33  40  247 
 3  34  35  237 
 3  36  99  190 
 3  38  147  191 
 3  39  155  178 
 3  42  52  129 
 3  43  97  118 
 3  45  124  227 
 3  46  93  115 
 3  48  152  182 
 3  50  65  76 
 3  53  91  122 
 3  54  63  195 
 3  55  119  248 
 3  57  77  179 
 3  58  166  214 
 3  60  157  174 
 3  62  104  140 
 3  66  142  189 
 3  67  83  206 
 3  68  144  171 
 3  70  103  133 
 3  71  88  242 
 3  73  163  243 
 3  74  109  141 
 3  75  196  225 
 3  78  116  173 
 3  79  105  192 
 3  82  187  236 
 3  85  168  203 
 3  86  210  241 
 3  87  212  238 
 3  90  234  249 
 3  94  131  132 
 3  96  244  245 
 3  98  113  121 
 3  102  143  156 
 3  110  170  188 
 3  117  172  246 
 3  120  177  226 
 3  123  145  176 
 3  128  181  202 
 3  136  185  219 
 3  138  161  180 
 3  149  199  207 
 3  150  153  154 
 3  151  193  222 
 3  158  186  208 
 3  167  223  228 
 3  169  221  235 
 3  175  183  198 
 3  184  232  239 
 3  197  201  229 
 3  200  211  233 
